-22621 0
-67 0
265 -187
265 186
-900 2861
-887 -343
-887 340
-899 -2864
3204 3970
-552 340
-42 736
-1141 -12
-1141 7
-41 -739
-552 -344
3203 -3973
922 820
-116 324
-88 486
-698 -136
-1202 968
-630 -745
-870 -74
-286 -1660
-286 1655
-870 71
-630 743
-1201 -972
-698 131
-88 -489
-117 -328
921 -825
3 0
-39 0
-51 -68
-51 67
39 -13
-11 14
-11 -15
40 11
36 -46
-35 0
-9 -65
-31 9
-31 -11
-8 63
-35 -2
35 44
-15 31
37 -2
28 77
52 -40
-8 0
0 -38
24 2
-51 -35
-51 33
24 -3
0 37
-8 -1
52 38
28 -78
37 0
-16 -33
-49 -19
37 63
-107 -22
5 127
51 -28
-25 19
39 66
79 31
7 -137
-12 62
5 -6
-16 71
-82 51
29 54
34 64
64 80
41 100
-18 -69
50 32
19 -115
6 -37
-4 -22
-35 -74
-100 -60
-55 103
30 -41
-38 -37
-28 -35
121 -20
-31 -101
-41 -60
-1 -56
-49 17
36 -64
4 -128
-107 20
78 -33
39 -68
-25 -21
50 25
63 -82
33 -65
27 -55
-81 -52
-16 -72
5 4
-12 -63
6 135
0 54
-40 58
-31 99
120 17
-27 33
-38 35
29 38
-55 -104
-100 58
-35 71
-4 20
5 35
18 112
49 -33
-19 67
40 -101
-1111 2422
93 -110
58 -51
-35 -77
415 102
-82 56
474 -31
-318 -120
115 -101
132 6
374 -305
-213 29
246 307
-128 -128
155 45
-162 -133
528 -338
-103 132
-100 260
82 91
-299 53
-21 87
-400 74
-224 -89
211 198
-88 78
-420 350
18 184
-158 -107
-4 89
-140 53
46 -577
-997 -396
32 -12
-1 5
-14 49
-81 83
38 -55
-1 9
21 -163
-36 68
-5 -23
31 39
-76 -80
-83 35
82 15
23 -39
85 -71
180 155
-33 22
-34 10
23 -3
-37 -27
-97 -39
-63 -9
30 -63
-5 127
-69 26
-78 -3
-25 24
13 -37
-26 -80
-42 3
203 -14
-998 395
32 12
-14 -51
-2 -7
22 162
-2 -11
39 54
-82 -85
86 70
23 38
82 -17
-83 -36
-77 79
31 -41
-6 22
-37 -71
203 13
-42 -4
-26 79
13 36
-26 -25
-79 2
-70 -28
-7 -128
30 62
-64 8
-97 39
-37 28
23 2
-35 -11
-33 -24
179 -157
-1111 -2424
92 108
-34 74
57 48
-317 117
473 28
-81 -58
414 -104
-161 129
155 -47
-128 125
246 -308
-213 -31
373 302
131 -8
115 97
46 574
-139 -54
-3 -91
-157 103
18 -185
-420 -351
-88 -80
210 -199
-224 87
-399 -75
-19 -88
-298 -54
83 -93
-99 -261
-102 -134
527 335
1651 2314
21 65
-1059 -558
38 -25
-558 1037
89 159
14 108
-219 370
277 10
86 109
-117 -372
191 76
-1594 423
12 139
-74 118
-869 -120
-150 -336
22 -94
584 506
-30 124
1654 -797
-131 61
157 41
-41 98
522 -1136
44 36
202 105
-133 189
1546 306
-105 -29
-8 3
-2 128
-488 293
-6 2
-46 66
48 12
-1 21
30 21
-46 16
-40 -34
90 0
27 -2
-80 48
22 38
-20 25
22 10
-16 20
17 -151
48 34
-9 22
86 -53
-66 -8
-9 68
-69 -36
-14 2
-39 -29
53 89
-71 16
63 19
-76 -29
0 -41
-42 -27
-3 -23
2 -2
-160 644
-21 -23
1 37
44 -48
-46 26
-16 51
-29 11
-107 -11
33 -42
3 10
-12 44
53 20
-37 13
-34 2
-33 -16
-139 -198
85 -37
23 25
27 -51
-72 54
103 76
-18 -12
16 54
-11 52
180 4
-7 15
58 14
-64 34
-4 7
-22 23
8 28
5 36
-936 -232
-95 20
-42 21
121 132
-38 -81
-129 26
60 -8
-85 -51
48 91
-97 14
-32 -52
-8 245
32 -43
-36 -12
-10 69
235 -233
35 87
76 16
65 50
-142 -228
-150 166
67 -76
-122 -70
23 -46
13 255
34 -41
-92 103
-5 -260
-51 -36
-45 -69
56 -86
-55 34
-937 231
-96 -22
122 -135
-43 -24
-85 49
60 7
-130 -29
-40 80
235 231
-10 -72
-37 10
32 42
-9 -247
-33 50
-99 -17
48 -94
-56 -37
56 84
-46 67
-52 36
-6 259
-93 -106
34 40
14 -258
24 44
-123 68
68 75
-151 -168
-144 227
65 -53
76 -19
36 -90
-160 -644
-21 22
44 46
0 -38
-106 9
-29 -11
-15 -52
-46 -26
-139 196
-32 14
-34 -2
-36 -13
53 -21
-11 -45
2 -11
33 40
5 -37
9 -28
-21 -24
-4 -7
-64 -34
56 -15
-7 -15
180 -5
-9 -53
15 -55
-17 10
103 -76
-72 -54
26 49
22 -26
85 35
-489 -295
-7 -4
47 -14
-48 -69
-41 33
-46 -17
30 -22
-1 -22
17 150
-17 -21
21 -12
-20 -27
22 -39
-80 -50
26 1
90 -1
2 2
-3 22
-42 26
-1 40
-76 28
62 -21
-72 -18
53 -91
-40 28
-15 -3
-69 35
-10 -70
-66 8
86 52
-10 -24
49 -36
1650 -2316
20 -67
37 21
-1058 554
-218 -372
14 -109
89 -161
-557 -1039
-868 117
-73 -119
12 -141
-1592 -426
190 -77
-115 369
86 -112
277 -13
-1 -130
-7 -6
-103 25
1545 -308
-131 -191
201 -107
44 -39
522 1132
-39 -100
157 -42
-130 -63
1653 793
-28 -126
583 -508
22 91
-148 332
1927 1254
-32 -6
173 39
-30 6
788 -2220
39 151
73 -92
334 32
-1006 -2381
73 54
-96 -200
133 -196
1093 -591
-10 129
-22 64
-419 399
1049 783
47 -55
104 -48
131 135
-730 1313
39 104
150 109
-560 363
372 1883
150 -26
233 98
-102 614
-539 187
-64 -1
57 60
124 -111
-132 284
-6 35
7 -48
14 3
-25 6
-20 47
-56 38
35 49
66 -10
-13 50
-4 36
60 25
-55 -62
-20 29
-33 13
3 -13
3 -10
12 -39
-4 3
-47 5
66 72
-4 -37
38 -1
-77 -72
45 15
7 -29
44 -26
-103 -28
12 83
0 -23
4 -22
-22 -47
169 317
9 -25
15 -29
14 10
-15 21
47 6
21 38
101 3
83 -87
17 -33
53 38
94 -38
-72 -20
29 58
12 -4
-3 -56
-44 30
1 33
-36 -15
-38 42
116 22
-66 -12
-8 14
-148 24
43 -24
-23 48
-9 -38
-145 76
33 59
-28 -47
-21 25
-75 38
-398 105
-32 -10
12 15
-105 -60
-52 79
-107 0
-117 -9
-2 144
181 108
-73 -21
-88 87
46 41
-57 -66
-172 -3
-31 -42
-16 -16
-91 11
51 25
34 -63
-3 44
47 71
107 -35
35 48
16 -208
-13 -24
49 28
109 -12
-118 -152
-22 48
163 17
5 10
23 -20
-1417 1112
18 -34
36 -209
-105 78
265 386
-166 -63
-114 -67
-164 20
478 77
-129 75
103 -86
-198 40
-90 110
-38 -45
-89 -188
-133 -34
133 3
44 -14
-72 211
127 -12
-92 -76
-36 63
42 212
-69 -348
-168 -1
98 70
2 163
-63 -19
1 132
17 -89
-39 123
228 -339
-651 -785
-10 -46
37 18
-10 -96
-125 117
0 -40
-47 -46
17 -62
-28 160
-15 -45
-12 34
26 -107
-58 0
-10 -46
-10 -74
0 -35
32 144
-9 46
-44 -15
-42 88
-16 -76
14 -32
-7 18
172 -72
-64 -15
-40 -2
-28 0
-31 -46
-21 -31
46 55
12 34
225 107
-859 -73
22 -33
50 34
-32 -22
-26 145
18 -75
-86 2
-65 -42
102 166
-1 -42
-18 83
-65 -30
-18 22
21 -43
-21 -65
5 -57
60 29
-25 45
-27 -42
16 32
-58 -11
-67 10
4 34
78 -141
-35 12
-63 63
21 -11
-18 -52
-62 -22
13 -3
-25 30
150 -59
415 -3021
9 -99
84 128
585 -894
-409 -19
-127 -433
70 -68
79 -109
-350 395
-4 -204
-30 35
588 -283
20 -94
31 -911
77 -19
55 -192
-339 251
-75 110
-104 -103
-726 476
-28 -198
295 551
-64 -153
641 314
-169 -211
59 77
-158 -107
-43 -178
-71 -149
-218 1048
36 8
163 763
415 3019
9 97
586 893
84 -131
79 107
70 66
-129 431
-410 16
56 190
77 17
33 909
20 93
588 282
-31 -38
-6 202
-351 -399
163 -766
36 -12
-220 -1053
-73 148
-43 177
-159 105
59 -81
-170 210
641 -318
-65 151
295 -555
-30 196
-728 -479
-106 101
-77 -113
-340 -255
-858 71
22 31
-31 20
49 -35
-64 39
-85 -3
17 73
-25 -146
6 56
-20 63
22 42
-17 -22
-65 29
-17 -84
-1 40
101 -168
150 57
-25 -32
12 0
-62 22
-17 51
20 9
-62 -64
-35 -12
78 138
3 -35
-66 -11
-58 10
15 -33
-27 40
-25 -46
59 -31
-652 785
-10 44
-10 95
36 -20
19 61
-47 45
1 39
-126 -119
1 33
-10 73
-11 45
-58 -1
26 106
-12 -37
-15 44
-28 -162
225 -109
12 -36
45 -57
-22 31
-31 45
-28 -2
-41 1
-64 14
173 71
-8 -20
14 31
-16 75
-44 -90
-45 14
-10 -47
32 -146
-1416 -1113
18 31
-104 -79
35 206
-163 -22
-113 64
-165 60
265 -387
-132 31
-88 185
-37 42
-89 -112
-197 -41
103 83
-128 -76
478 -78
228 336
-38 -124
17 86
1 -132
-61 17
2 -164
97 -72
-166 0
-68 345
41 -213
-35 -64
-91 73
126 9
-71 -213
43 11
132 -4
-399 -107
-32 8
-105 59
13 -18
-2 -147
-118 7
-107 -2
-53 -83
-16 15
-32 41
-173 2
-58 65
46 -44
-89 -90
-74 20
181 -111
23 18
4 -13
163 -19
-22 -50
-120 151
109 10
49 -31
-14 23
16 207
35 -50
107 34
47 -73
-5 -47
34 62
51 -28
-92 -14
168 -317
9 23
13 -11
14 27
101 -4
20 -40
47 -7
-15 -22
-2 54
11 3
29 -59
-71 19
94 36
52 -39
16 31
83 85
-75 -39
-22 -26
-27 45
33 -59
-145 -77
-8 36
-22 -49
42 23
-148 -24
-8 -14
-66 11
115 -23
-38 -43
-36 13
0 -34
-44 -31
-133 -285
-7 -37
15 -5
7 46
35 -51
-56 -41
-21 -49
-27 -8
4 11
-34 -14
-20 -31
-56 61
60 -28
-5 -38
-14 -52
66 9
-23 45
3 21
-1 22
12 -84
-104 28
44 26
6 28
44 -17
-78 72
37 1
-5 37
67 -74
-48 -6
-6 -6
11 38
3 8
1927 -1256
-31 3
-29 -8
173 -42
334 -34
73 87
39 -153
788 2215
-417 -402
-21 -66
-9 -132
1093 588
133 192
-94 196
73 -56
-1004 2376
124 107
56 -63
-63 -3
-536 -189
-101 -616
233 -100
150 23
371 -1884
-558 -365
149 -110
40 -106
-728 -1315
131 -137
104 43
46 52
1049 -785
