-17251 0
-154 0
-11 -166
-11 164
-1327 1688
-971 -278
-971 275
-1326 -1691
2611 4031
-603 372
-153 665
-879 -426
-879 422
-153 -668
-603 -376
2610 -4035
-2179 -438
-65 415
266 565
-718 55
-1505 914
-654 -740
-745 77
1271 -3212
1272 3207
-745 -80
-654 738
-1505 -918
-719 -59
265 -569
-65 -419
-2178 432
-36 0
83 0
17 1
17 -3
-63 -68
0 -39
0 38
-62 67
-179 -116
-33 7
113 7
-178 -55
-178 53
113 -8
-32 -9
-179 114
104 9
-46 -19
-95 -15
107 3
119 -56
-82 17
58 -26
121 -174
122 172
58 25
-82 -18
119 54
107 -4
-96 13
-45 17
104 -11
-262 -389
-18 123
41 -73
-36 -42
266 399
-33 -62
-146 -201
46 25
336 -571
134 -130
-247 109
-161 151
-49 58
-122 -70
215 -215
326 387
3 709
2 0
141 -41
44 2
31 -405
175 80
-85 355
-437 -170
-473 72
-155 114
258 -41
242 -146
-94 136
45 21
-124 -40
116 -158
-262 388
-18 -123
-36 40
40 71
45 -26
-146 198
-32 59
266 -400
325 -389
214 213
-122 68
-49 -59
-161 -151
-247 -110
133 128
335 568
115 155
-124 38
45 -22
-94 -137
241 143
256 39
-155 -115
-472 -73
-437 168
-85 -356
175 -81
31 402
44 -4
140 39
1 -1
3 -710
-467 2343
-40 18
-375 269
37 67
695 -287
80 66
-149 134
-310 514
948 578
-3 252
126 -22
26 -299
851 86
33 -32
7 118
908 -440
-123 -431
74 -106
134 86
75 363
-961 958
-182 74
-16 -11
-511 -189
-256 -447
-113 -36
128 50
-264 -126
-59 -520
-196 -140
-54 -19
-1104 -423
-778 -338
-21 -10
93 -35
184 31
-48 157
-67 -79
-116 -43
114 -235
79 31
-55 -31
-19 -63
14 -135
-75 -57
-148 -81
-43 -25
257 -81
42 146
-6 4
-37 83
-144 -46
13 -39
132 -42
17 20
-64 -36
-120 115
-4 86
15 71
-119 144
-99 47
-28 59
40 -13
-45 -47
-779 337
-22 9
184 -33
94 34
114 235
-116 42
-68 78
-50 -160
257 80
-44 25
-149 80
-76 56
15 134
-20 62
-56 31
78 -33
-46 47
41 12
-29 -61
-100 -49
-119 -145
16 -73
-5 -87
-121 -117
-63 35
17 -21
132 41
13 39
-144 46
-39 -85
-7 -6
43 -148
-467 -2345
-40 -20
36 -69
-374 -271
-310 -516
-148 -136
80 -68
694 283
907 437
7 -120
33 29
850 -88
26 296
126 19
-2 -254
947 -580
-1104 420
-53 16
-196 136
-58 517
-263 123
128 -52
-112 34
-256 444
-510 186
-15 9
-181 -75
-959 -959
75 -365
133 -88
75 103
-121 428
1049 4824
112 -111
272 120
-57 -210
1897 955
-16 -21
203 80
-33 -111
2154 -1336
224 -52
137 1
-85 142
-561 266
-175 -53
104 -16
-752 -551
193 -1080
-183 61
-119 -92
303 -5
641 -818
18 134
-123 173
61 1032
-2901 38
74 259
99 -71
-300 356
-3 33
-8 351
-48 152
-158 -1395
-638 338
-2 0
-27 22
107 -22
214 76
-92 30
4 -38
11 -59
121 -54
5 -8
-126 -14
9 17
36 -146
-37 83
-12 -12
0 -169
188 33
-31 43
160 -42
-108 3
-104 96
16 -98
-29 58
-75 -20
-162 95
35 18
21 92
-81 15
-83 123
-35 -30
0 -31
81 -13
-301 674
-16 -89
-41 -99
14 -129
18 -195
13 -3
-116 123
-106 -113
83 12
-43 156
-63 54
118 9
175 -97
105 -48
-170 36
-290 17
72 -65
6 -47
41 72
-144 119
-100 326
-170 103
101 -85
-8 -17
167 50
52 -69
169 -68
-47 109
-54 60
-19 44
105 111
250 -110
-2272 -1056
47 109
-153 32
-108 314
-344 449
135 147
-142 -91
336 409
58 -169
-221 -30
-63 -67
219 129
267 -88
-10 141
-210 74
-1024 -29
668 1066
79 -54
134 65
74 -359
-103 104
-174 -336
162 -52
553 -600
77 -312
2 19
5 179
-730 -269
-129 -81
77 -140
17 -113
1463 314
-2273 1055
47 -112
-108 -318
-154 -34
337 -411
-143 89
136 -150
-345 -452
-1025 27
-211 -77
-10 -144
267 86
220 -132
-64 66
-221 28
58 168
1462 -317
18 112
77 138
-130 79
-731 269
5 -182
2 -22
77 311
554 597
162 51
-176 335
-104 -107
73 358
134 -68
80 53
668 -1069
-301 -674
-16 87
14 127
-41 98
-104 112
-115 -124
13 1
18 193
-290 -18
-170 -38
105 45
175 95
118 -10
-62 -54
-42 -157
83 -12
250 107
105 -112
-18 -45
-53 -61
-47 -109
168 66
51 68
167 -50
-7 15
100 83
-170 -103
-100 -327
-144 -119
42 -73
7 45
72 63
-639 -340
-3 -1
107 21
-28 -23
12 58
4 37
-92 -31
213 -78
0 167
-14 10
-37 -85
36 145
10 -19
-127 13
5 7
121 53
81 12
-1 30
-36 30
-83 -124
-82 -17
21 -93
35 -19
-163 -97
-76 18
-29 -59
15 97
-106 -98
-109 -5
160 41
-31 -45
189 -34
1049 -4826
111 107
-56 207
271 -121
-32 107
202 -82
-15 19
1896 -957
-750 547
103 12
-173 50
-560 -268
-83 -144
137 -3
224 49
2154 1332
-158 1391
-47 -154
-7 -352
-1 -35
-299 -358
99 68
74 -260
-2900 -40
61 -1034
-122 -174
17 -137
641 815
303 1
-118 88
-181 -64
193 1077
-1245 -443
24 95
-382 -142
149 -224
248 -701
225 64
51 60
-116 173
-2419 -1529
93 158
80 27
193 376
346 175
54 223
43 263
361 381
3532 2056
53 -218
-29 -64
-258 311
-502 295
-78 132
111 -130
-1480 725
1398 -106
6 2
247 -66
623 -293
595 -18
-118 -61
-27 -30
1698 358
-57 344
-29 23
0 -86
-99 -66
16 167
64 -7
-72 31
-133 99
8 137
-27 -13
72 18
81 156
87 237
-143 -3
37 -45
141 -90
4 -103
66 -22
-78 116
-45 12
-103 -162
4 -12
-6 54
-39 21
110 -146
-63 57
46 -67
-4 -209
-2 -101
168 35
-31 15
-183 -62
291 368
-65 -59
-1 88
3 198
157 -202
-119 109
303 -14
217 143
-233 59
-5 -77
141 -152
28 -58
120 112
60 59
-53 216
-126 -453
82 -240
6 143
-30 -28
156 -99
-223 61
40 -77
-116 -154
7 108
224 111
97 -13
-268 212
-344 43
11 -89
-148 -101
98 -99
-188 357
341 -49
43 -14
190 4
91 -242
-136 -10
-182 -293
182 3
-747 -195
-59 -36
-56 -27
19 41
-181 156
-171 135
163 -123
-82 -213
615 -911
-353 -15
-54 -55
-36 -90
-55 235
125 -204
-2 223
-61 110
113 692
287 321
137 213
-189 26
570 -349
-96 73
-193 76
33 153
-875 508
-1261 183
-36 43
129 -23
-44 -119
292 645
-162 -146
16 92
202 2
447 -1069
241 -30
-5 160
-166 204
-738 514
4 -50
105 -31
-493 -1088
211 794
-144 82
-27 -4
52 4
567 -806
-33 132
-219 133
-69 1
-488 803
-126 123
29 -99
-273 -117
111 -22
-4 10
-21 -90
316 1018
-584 -1002
102 -76
-131 18
-125 -70
-241 -53
-16 0
45 49
-113 -137
32 170
99 115
-162 -7
-271 -59
-32 19
162 38
35 -5
-11 -29
-128 269
-168 13
147 17
147 56
-33 57
-129 -20
-87 -118
166 -67
55 22
-22 -180
-13 4
271 -12
67 -89
33 -45
-51 41
261 230
-927 -171
-40 -9
-102 -47
30 -26
-24 64
19 -33
32 -45
-112 41
0 -32
-23 -59
114 110
-124 -6
-57 -31
84 -129
0 -21
94 -118
212 213
9 41
-34 26
59 20
-65 72
-58 9
-109 69
75 -139
-11 137
-67 65
-106 -45
26 -134
82 12
-117 72
44 -24
83 2
1409 -2162
-37 -36
32 -291
268 137
-218 67
91 -43
-115 -308
-1710 130
-1191 -1117
-195 3
-155 -34
-3 352
-146 -270
-37 25
-149 76
-767 -918
181 299
-28 -26
4 107
-340 -573
134 -597
8 -201
112 -48
2844 564
-149 1012
171 -135
21 28
918 -483
-65 356
116 129
227 -98
-937 762
1409 2161
-39 35
268 -140
32 289
-1712 -134
-117 306
91 41
-220 -70
-769 917
-150 -80
-38 -28
-147 268
-4 -356
-156 31
-195 -6
-1192 1115
-938 -765
228 96
116 -133
-66 -359
918 481
20 -32
171 133
-151 -1015
2845 -567
113 45
7 199
135 595
-342 572
4 -110
-29 24
181 -303
-927 170
-40 8
30 24
-101 45
-111 -42
31 43
18 32
-24 -65
93 117
0 20
84 128
-56 29
-124 4
113 -111
-22 57
0 30
83 -3
44 22
-116 -73
82 -13
26 133
-106 43
-66 -66
-11 -138
75 137
-107 -71
-58 -9
-63 -73
58 -21
-33 -27
9 -43
212 -215
-584 1002
102 75
-126 69
-131 -20
-115 136
45 -50
-16 -1
-243 53
-12 28
35 3
163 -39
-33 -20
-272 59
-163 6
99 -116
31 -172
261 -232
-51 -44
33 43
68 88
272 12
-14 -6
-23 179
56 -24
166 66
-87 118
-130 20
-34 -59
147 -58
147 -19
-169 -15
-128 -270
-1260 -184
-36 -45
-43 116
129 20
201 -5
15 -93
-161 144
291 -646
-492 1086
105 28
4 47
-737 -515
-165 -205
-4 -161
241 28
445 1066
315 -1020
-19 87
-3 -12
111 19
-272 114
28 96
-126 -125
-487 -805
-69 -3
-218 -134
-32 -134
566 802
51 -5
-26 1
-144 -84
211 -796
342 47
43 13
91 241
191 -7
-748 194
182 -6
-183 292
-137 8
615 909
-83 211
164 122
-172 -137
-182 -158
19 -43
-57 25
-59 35
-877 -511
33 -156
-194 -77
-97 -76
570 347
-190 -28
137 -216
287 -323
114 -694
-62 -113
-3 -226
125 202
-55 -238
-36 88
-55 52
-355 14
291 -368
-65 58
2 -199
0 -90
217 -144
303 12
-119 -110
156 200
-126 451
-53 -217
60 -59
119 -113
28 57
141 151
-4 75
-232 -60
-188 -357
97 97
-147 100
11 87
-343 -44
-268 -212
96 10
223 -112
6 -108
-115 151
40 75
-222 -62
156 97
-29 27
5 -145
81 239
-57 -346
-29 -24
-100 65
0 85
-133 -100
-73 -32
64 6
16 -169
140 90
37 44
-144 2
88 -239
81 -157
71 -19
-28 13
8 -139
-184 61
-32 -17
169 -37
-4 100
-5 208
46 66
-64 -59
109 145
-41 -22
-7 -56
4 11
-104 161
-45 -13
-79 -117
66 20
4 102
-1243 440
25 -97
149 220
-380 138
-114 -175
51 -62
225 -67
248 697
361 -383
44 -265
54 -225
346 -178
194 -378
80 -29
93 -160
-2417 1525
1699 -360
-25 26
-116 57
595 14
623 290
247 62
6 -4
1397 104
-1478 -726
111 125
-77 -135
-501 -298
-256 -313
-28 61
53 214
3532 -2058
