-17876 0
195 0
151 -92
151 90
-362 1943
-736 -309
-736 306
-362 -1947
1701 5389
-634 347
-63 993
-1040 -1120
-1040 1117
-63 -996
-634 -351
1700 -5393
-1300 -929
-208 129
-113 194
-350 442
-2246 693
-678 -824
-909 -235
1262 -1989
1263 1985
-909 232
-679 821
-2246 -697
-350 -447
-113 -197
-208 -133
-1300 924
100 0
-8 0
3 37
3 -38
-55 -104
-38 -59
-37 57
-55 102
186 84
-5 69
75 -8
85 -56
86 55
75 6
-4 -71
186 -86
-148 -32
9 -12
-49 33
-68 108
25 83
-3 72
9 46
-86 25
-86 -27
9 -48
-4 -74
25 -85
-68 -110
-49 -34
9 11
-148 30
775 -783
-16 110
-14 22
16 -100
-425 225
25 87
-75 -186
-46 26
-78 7
67 -54
-41 41
59 -188
37 -204
-80 -42
245 -32
-182 -348
-488 790
51 -2
39 -14
-135 196
251 236
46 -112
-130 228
198 285
375 -567
-120 26
118 17
23 -50
-110 12
94 118
-154 -147
-350 389
774 782
-16 -111
15 98
-13 -23
-45 -27
-75 184
25 -89
-425 -226
-182 346
244 29
-79 40
36 203
59 186
-41 -42
67 51
-77 -8
-349 -390
-154 145
93 -119
-110 -13
22 48
117 -18
-120 -27
374 564
197 -287
-130 -229
45 110
251 -237
-135 -197
39 12
51 0
-488 -792
-3478 3467
11 -54
-179 516
75 54
944 -35
-147 43
-6 83
-304 191
234 -576
97 147
-85 -4
86 439
518 595
-52 65
71 20
211 589
2139 -915
-92 95
275 -127
-71 -168
-653 -199
-28 121
-132 149
-613 -699
-576 952
15 -81
105 48
-153 -97
-179 -581
-139 -156
-60 -30
1109 -1406
-1052 -443
26 26
-77 -134
-17 -47
-96 159
-28 10
-102 -8
36 -9
0 221
-88 16
49 111
49 59
-69 -70
-56 71
-23 -24
316 88
163 85
5 -59
-91 84
-98 8
-164 1
-34 -152
30 27
-108 -257
70 -12
35 24
-10 -94
-70 -156
171 88
114 -35
-40 -12
115 -15
-1053 443
26 -27
-18 46
-77 133
37 8
-102 8
-28 -12
-97 -161
317 -90
-24 23
-57 -73
-71 70
49 -60
49 -112
-88 -18
-1 -224
115 14
-40 11
115 34
172 -91
-71 154
-11 93
35 -26
71 11
-109 255
31 -28
-35 151
-165 -3
-99 -11
-91 -86
4 59
164 -87
-3478 -3468
10 52
74 -55
-178 -517
-303 -193
-5 -84
-146 -45
943 32
210 -592
71 -22
-51 -67
517 -596
85 -441
-85 2
97 -150
234 572
1109 1403
-59 27
-138 154
-178 577
-153 94
105 -50
15 78
-575 -955
-612 696
-131 -151
-27 -123
-653 196
-70 165
274 124
-92 -97
2138 912
924 -843
4 -195
-330 -139
12 -39
-978 -1876
47 10
-6 33
-365 -16
-675 361
56 129
267 -214
-570 393
1026 -311
-275 65
-113 169
-1891 430
386 1136
-118 14
30 298
248 -156
-8 1840
-118 171
48 53
389 -465
1898 -295
232 105
192 51
434 445
-179 -112
181 65
178 129
1096 1820
-528 335
15 40
84 -39
25 16
-44 -1
-80 23
33 43
-51 -81
-81 -165
31 2
-13 1
-186 11
60 -7
-65 -109
-38 -7
-113 -146
194 44
12 -13
-11 3
72 -52
-23 -32
88 -11
-13 21
38 -11
156 300
-64 33
-23 13
33 37
-125 114
-33 86
-38 -37
53 -26
-461 391
-91 106
32 -19
4 -51
250 218
-26 16
54 53
-93 -3
127 244
-15 -46
137 42
-169 142
-51 106
-8 10
78 79
-169 -11
388 -40
100 -3
-77 6
55 72
21 -111
-84 21
-52 35
4 -30
-214 -256
27 77
-81 -50
47 -104
15 25
18 -34
-52 -137
92 94
99 -1782
-127 -64
18 72
-188 179
76 149
-196 35
-91 0
-162 395
642 348
12 33
26 21
-25 -293
164 39
10 -128
-37 -4
-97 -289
-585 770
14 116
-41 -71
292 145
-71 -48
107 74
-80 20
827 -637
-549 -125
0 -141
39 45
-410 -138
-214 6
-18 -173
121 -60
-861 1210
100 1780
-128 63
-189 -182
19 -75
-163 -398
-92 -2
-196 -38
76 -152
-97 288
-37 1
11 127
164 -42
-26 293
26 -24
12 -36
642 -351
-862 -1213
122 58
-19 171
-214 -9
-411 136
39 -47
-1 140
-550 124
827 636
-81 -23
107 -76
-73 46
293 -148
-42 70
14 -120
-586 -772
-461 -392
-91 -107
4 48
32 17
-93 1
53 -54
-25 -17
250 -219
-169 10
79 -80
-7 -10
-50 -107
-169 -142
136 -42
-15 45
127 -245
91 -94
-50 134
17 32
15 -26
46 103
-81 49
27 -77
-214 254
4 29
-52 -35
-83 -22
20 109
55 -73
-77 -6
99 1
387 39
-529 -338
15 -42
25 -19
85 38
-51 80
33 -44
-81 -26
-45 0
-113 145
-38 6
-66 107
60 6
-186 -12
-15 -3
31 -4
-82 165
53 26
-38 36
-34 -88
-125 -116
32 -38
-24 -14
-64 -35
156 -301
38 10
-14 -23
89 10
-23 31
71 51
-12 -4
12 12
194 -45
923 840
3 191
11 35
-329 135
-364 13
-5 -35
47 -13
-977 1872
-1890 -432
-111 -171
-275 -68
1026 307
-568 -395
266 210
56 -131
-674 -363
1096 -1822
178 -131
180 -67
-177 110
433 -446
191 -53
232 -107
1898 292
389 462
48 -55
-117 -174
-7 -1842
247 154
30 -299
-117 -17
386 -1137
768 1330
-44 -2
221 -71
-103 -296
1090 148
11 -6
168 -4
-383 -320
1951 -2047
178 -46
103 -171
86 46
367 -212
4 169
156 -5
-692 2
-387 815
50 88
-91 93
-7 163
-128 -246
69 232
68 218
-635 806
-1612 264
68 17
50 -109
639 627
-165 239
3 103
-81 -7
1753 31
-448 564
-37 -13
-78 14
16 57
30 0
-62 50
9 39
183 86
-270 -17
9 -3
24 -16
135 -86
-43 -112
31 -66
8 83
4 334
423 -119
-10 41
68 16
-8 27
-13 156
-7 60
-7 -73
-129 -309
168 6
42 -48
-51 22
-297 82
57 22
-67 -38
15 -29
95 -406
439 977
68 -116
4 47
-165 89
-3 72
81 -15
-77 165
-57 -122
510 -121
64 -55
56 -41
-64 -168
-51 -33
23 17
-127 -132
83 -362
-521 -552
-68 100
40 20
266 -44
137 -56
-25 56
189 -20
-71 145
-133 169
-85 24
-47 -73
-63 351
-26 11
-43 -52
3 175
-214 14
-1428 -31
48 22
29 116
-97 -8
99 286
110 -151
-51 17
-181 218
501 -334
-87 -197
30 -42
165 -62
68 -103
120 6
-1 -195
-105 -947
223 168
102 31
1 84
20 127
-145 -1
-141 46
112 141
35 186
-290 140
-80 255
-86 -48
-122 -204
-47 -97
-58 -83
-160 95
795 701
-1122 33
43 -53
567 -231
201 123
509 -33
30 44
12 25
254 176
-974 -514
-148 -39
-18 206
-223 8
-324 -199
-151 -126
-247 -25
-515 22
1186 916
58 -44
-301 -266
-27 -79
5 59
-99 -118
32 -79
202 -582
238 578
-11 218
55 195
-400 -45
-244 631
-20 60
45 165
-199 225
-393 -577
101 22
32 -19
-60 43
-161 -11
81 -83
-19 59
-52 -99
-124 5
-92 75
-68 -46
-53 -57
-11 -14
1 106
-107 -65
25 117
93 184
-41 -119
42 4
32 -23
91 -55
-58 -123
21 -97
311 -24
-105 164
-23 26
-24 35
10 -67
-145 40
74 -79
17 56
-93 -230
-712 -193
-39 -21
24 65
55 -88
19 229
-31 47
41 -66
-82 -4
153 178
50 72
-117 63
-98 -12
-95 61
-37 11
-28 70
179 -332
57 80
-35 -3
27 -73
-79 94
9 -109
-1 -128
-128 6
12 48
-167 -33
-77 -43
45 57
70 -177
-18 -26
25 35
65 -68
-101 143
1156 -3765
-68 -157
-281 -182
-7 26
-616 -597
116 -118
-96 -200
-27 -2132
-341 288
-9 -17
62 20
-1264 199
122 -22
-90 54
34 92
1517 1122
-662 1538
-142 54
-78 119
286 -497
-42 345
-21 -149
-99 -145
-613 1162
5 -388
68 -98
5 -43
1634 784
156 -184
319 103
234 -25
-962 -479
1156 3764
-69 155
-8 -29
-283 180
-29 2131
-98 199
117 116
-617 595
1517 -1126
34 -96
-91 -57
122 20
-1266 -202
62 -24
-9 15
-343 -292
-964 478
234 23
320 -107
156 182
1634 -787
5 40
67 96
5 386
-615 -1165
-100 143
-23 148
-43 -348
286 495
-80 -122
-144 -57
-663 -1542
-711 192
-38 20
55 86
23 -65
-81 3
40 65
-30 -48
19 -230
178 330
-27 -71
-36 -12
-94 -62
-98 10
-116 -65
50 -74
153 -179
-101 -143
65 67
25 -36
-17 24
70 175
44 -58
-78 41
-166 32
11 -49
-127 -7
-1 127
9 106
-77 -94
26 71
-35 2
57 -81
-394 576
100 -23
-60 -45
32 18
-53 99
-19 -60
81 82
-161 10
26 -119
-108 63
2 -108
-11 13
-53 56
-69 46
-92 -76
-125 -7
-94 229
16 -57
74 78
-146 -42
11 66
-25 -37
-24 -27
-106 -165
311 23
21 96
-59 122
92 55
32 22
43 -5
-42 119
93 -186
-1121 -35
42 50
200 -125
566 228
253 -177
12 -26
29 -46
509 29
-513 -23
-247 21
-151 123
-323 197
-222 -10
-18 -206
-147 37
-973 511
-198 -227
44 -166
-19 -61
-243 -632
-398 42
55 -196
-11 -219
237 -579
201 579
31 76
-99 115
4 -60
-26 75
-300 264
58 42
1185 -918
-1428 29
48 -24
-99 6
29 -118
-182 -221
-52 -20
110 150
100 -289
-107 945
-2 193
120 -9
68 101
165 60
30 40
-89 195
501 333
795 -704
-160 -98
-59 81
-47 95
-123 202
-87 47
-81 -258
-290 -142
35 -189
112 -143
-141 -49
-146 -1
19 -130
1 -86
102 -34
223 -170
439 -977
67 114
-165 -90
4 -47
-56 119
-77 -166
81 14
-2 -72
82 360
-127 129
23 -19
-51 31
-64 166
55 39
63 53
509 120
-213 -14
3 -176
-43 50
-25 -11
-62 -352
-46 72
-84 -25
-132 -170
-71 -146
189 19
-24 -57
136 54
265 42
39 -21
-68 -100
-520 551
-449 -566
-38 11
17 -59
-79 -16
183 -89
8 -40
-63 -52
30 -2
5 -336
8 -85
31 66
-44 110
135 85
23 14
9 2
-271 15
95 405
16 27
-68 37
57 -23
-298 -83
-52 -25
42 47
169 -8
-129 308
-8 72
-8 -62
-14 -158
-10 -28
68 -17
-12 -43
423 118
768 -1332
-44 -1
-101 292
221 67
-382 316
167 1
12 2
1090 -151
-690 -5
156 1
4 -171
368 207
87 -48
103 166
178 42
1951 2043
1754 -34
-78 3
4 -106
-163 -241
639 -629
50 105
68 -20
-1610 -266
-633 -808
69 -220
69 -234
-126 242
-6 -165
-90 -94
50 -90
-386 -817
