-32768
-32768
-32768
-32768
-32768
-32768
-32768
-32768
-32768
-32768
-32768
-32768
-32768
-32768
-32768
-32768
-32768
-32768
-32768
-32768
-32768
-32768
-32768
-32768
-32768
-32768
-32768
-32768
0
0
0
0
-32768
-32768
-32768
-32768
-32768
-32768
-32768
-32768
-32768
-32768
-32768
-32768
-32768
-32768
-32768
-32768
-32768
-32768
-32768
-32768
-32768
-32768
-32768
-32768
-32768
-32768
-32768
-32768
0
0
0
0
-32768
-32768
-32768
-32768
-32768
-32768
-32768
-32768
-32768
-32768
-32768
-32768
-32768
-32768
-32768
-32768
-32768
-32768
-32768
-32768
-32768
-32768
-32768
-32768
-32768
-32768
-32768
-32768
0
0
0
0
-32768
-32768
-32768
-32768
-32768
-32768
-32768
-32768
-32768
-32768
-3072
-768
11008
32512
32512
5632
-8960
-32768
-32768
-32768
-32768
-32768
-32768
-32768
-32768
-32768
-32768
-32768
0
0
0
0
-32768
-32768
-32768
-32768
-32768
-32768
-32768
-32768
-32768
10496
32000
32000
32000
32000
32000
32000
23040
-25088
-32768
-32768
-32768
-32768
-32768
-32768
-32768
-32768
-32768
-32768
0
0
0
0
-32768
-32768
-32768
-32768
-32768
-32768
-32768
-32768
10496
32000
32000
32000
21760
3584
12288
32000
32000
-1536
-32768
-32768
-32768
-32768
-32768
-32768
-32768
-32768
-32768
-32768
0
0
0
0
-32768
-32768
-32768
-32768
-32768
-32768
-32768
-19456
31232
32000
20992
-24576
-29696
-32768
-31232
19968
32000
3072
-32768
-32768
-32768
-32768
-32768
-32768
-32768
-32768
-32768
-32768
0
0
0
0
-32768
-32768
-32768
-32768
-32768
-32768
-32768
-13056
31488
20992
-26368
-32768
-32768
-32768
-1536
30720
32000
-16128
-32768
-32768
-32768
-32768
-32768
-32768
-32768
-32768
-32768
-32768
0
0
0
0
-32768
-32768
-32768
-32768
-32768
-32768
-32768
-32768
-24832
-28160
-32768
-32768
-32768
-32768
20736
32000
32000
-16128
-32768
-32768
-32768
-32768
-32768
-32768
-32768
-32768
-32768
-32768
0
0
0
0
-32768
-32768
-32768
-32768
-32768
-32768
-32768
-32768
-32768
-32768
-32768
-32768
-32768
-2816
30464
32000
17920
-30208
-32768
-32768
-32768
-32768
-32768
-32768
-32768
-32768
-32768
-32768
0
0
0
0
-32768
-32768
-32768
-32768
-32768
-32768
-32768
-32768
-32768
-32768
-32768
-32768
-13312
30464
32000
26368
-16640
-32768
-32768
-32768
-32768
-32768
-32768
-32768
-32768
-32768
-32768
-32768
0
0
0
0
-32768
-32768
-32768
-32768
-32768
-32768
-32768
-32768
-32768
-32768
-32768
-32768
0
32000
32000
4096
-32768
-32768
-32768
-32768
-32768
-32768
-32768
-32768
-32768
-32768
-32768
-32768
0
0
0
0
-32768
-32768
-32768
-32768
-32768
-32768
-32768
-32768
-32768
-32768
-32768
12288
30208
32000
7936
-29696
-32768
-32768
-32768
-32768
-32768
-32768
-32768
-32768
-32768
-32768
-32768
-32768
0
0
0
0
-32768
-32768
-32768
-32768
-32768
-32768
-32768
-32768
-32768
-32768
-26368
27136
32000
26880
-23808
-32768
-32768
-32768
-32768
-32768
-32768
-32768
-32768
-32768
-32768
-32768
-32768
-32768
0
0
0
0
-32768
-32768
-32768
-32768
-32768
-32768
-32768
-32768
-32768
-32768
17920
32000
32000
3328
-32768
-32768
-32768
-32768
-32768
-32768
-32768
-32768
-32768
-32768
-32768
-32768
-32768
-32768
0
0
0
0
-32768
-32768
-32768
-32768
-32768
-32768
-32768
-32768
-32768
-12800
30720
32000
15616
-29696
-32768
-32768
-32768
-32768
-32768
-32768
-32768
-32768
-32768
-32768
-32768
-32768
-32768
-32768
0
0
0
0
-32768
-32768
-32768
-32768
-32768
-32768
-32768
-32768
-27904
18432
32000
32000
3328
-32768
-32768
-32768
-32768
-32768
-32768
-32768
-32768
-32768
-32768
-32768
-32768
-32768
-32768
-32768
0
0
0
0
-32768
-32768
-32768
-32768
-32768
-32768
-32768
-32768
1536
32000
32000
11520
-29696
-32768
-32768
-32768
-32768
-32768
-32768
-32768
-32768
-32768
-32768
-32768
-32768
-32768
-32768
-32768
0
0
0
0
-32768
-32768
-32768
-32768
-32768
-32768
-32768
-32768
30720
32000
32000
-26368
-32768
-32768
-32768
-32768
-32768
-32768
-32768
-32768
-32768
-32768
-32768
-32768
-32768
-32768
-32768
-32768
0
0
0
0
-32768
-32768
-32768
-32768
-32768
-32768
-32768
-32768
30720
32000
32000
-21760
-27648
-27648
-27648
-27648
-31488
-32768
-31488
-27648
-27648
-23296
5632
5632
5632
4864
-30208
-32768
0
0
0
0
-32768
-32768
-32768
-32768
-32768
-32768
-32768
-32768
30720
32000
32000
32000
32000
32000
32000
32000
10240
3840
9728
32000
32000
32000
32000
32000
32000
32000
-1280
-32768
0
0
0
0
-32768
-32768
-32768
-32768
-32768
-32768
-32768
-32768
11776
32000
32000
32000
32000
32000
32000
32000
32000
32000
32000
32000
30976
30464
30464
10496
-2816
-2816
-18176
-32768
0
0
0
0
-32768
-32768
-32768
-32768
-32768
-32768
-32768
-32768
-32768
-2560
-1280
-1280
-1280
9728
32000
32000
32000
6912
-1280
-1280
-22272
-32768
-32768
-32768
-32768
-32768
-32768
-32768
0
0
0
0
-32768
-32768
-32768
-32768
-32768
-32768
-32768
-32768
-32768
-32768
-32768
-32768
-32768
-32768
-32768
-32768
-32768
-32768
-32768
-32768
-32768
-32768
-32768
-32768
-32768
-32768
-32768
-32768
0
0
0
0
-32768
-32768
-32768
-32768
-32768
-32768
-32768
-32768
-32768
-32768
-32768
-32768
-32768
-32768
-32768
-32768
-32768
-32768
-32768
-32768
-32768
-32768
-32768
-32768
-32768
-32768
-32768
-32768
0
0
0
0
-32768
-32768
-32768
-32768
-32768
-32768
-32768
-32768
-32768
-32768
-32768
-32768
-32768
-32768
-32768
-32768
-32768
-32768
-32768
-32768
-32768
-32768
-32768
-32768
-32768
-32768
-32768
-32768
0
0
0
0
-32768
-32768
-32768
-32768
-32768
-32768
-32768
-32768
-32768
-32768
-32768
-32768
-32768
-32768
-32768
-32768
-32768
-32768
-32768
-32768
-32768
-32768
-32768
-32768
-32768
-32768
-32768
-32768
0
0
0
0
-32768
-32768
-32768
-32768
-32768
-32768
-32768
-32768
-32768
-32768
-32768
-32768
-32768
-32768
-32768
-32768
-32768
-32768
-32768
-32768
-32768
-32768
-32768
-32768
-32768
-32768
-32768
-32768
0
0
0
0
0
0
0
0
0
0
0
0
0
0
0
0
0
0
0
0
0
0
0
0
0
0
0
0
0
0
0
0
0
0
0
0
0
0
0
0
0
0
0
0
0
0
0
0
0
0
0
0
0
0
0
0
0
0
0
0
0
0
0
0
0
0
0
0
0
0
0
0
0
0
0
0
0
0
0
0
0
0
0
0
0
0
0
0
0
0
0
0
0
0
0
0
0
0
0
0
0
0
0
0
0
0
0
0
0
0
0
0
0
0
0
0
0
0
0
0
0
0
0
0
0
0
0
0
0
0
0
0
