-20475 0
-58 0
151 137
151 -139
-1240 1923
-890 -305
-891 302
-1240 -1926
3056 3298
-541 293
-23 648
-1372 75
-1373 -79
-23 -651
-542 -296
3055 -3302
-276 579
-98 321
40 473
-705 146
-743 1362
-635 -768
-925 -78
107 -3020
107 3016
-925 75
-636 765
-743 -1365
-706 -150
40 -476
-99 -324
-276 -584
96 0
44 0
13 36
13 -37
-52 -56
-14 8
-14 -10
-53 54
-35 57
-53 0
-17 47
78 44
78 -45
-17 -49
-53 0
-35 -59
-44 -75
9 -53
-9 -34
-62 29
-10 91
45 13
10 -24
62 1
61 -2
10 23
45 -14
-10 -92
-62 -30
-9 32
9 52
-44 73
631 -673
-53 74
-184 53
-114 41
34 198
59 -40
100 -76
172 174
117 -194
16 -73
11 -71
-125 -1
-224 -63
122 35
-30 154
-254 -383
-395 220
29 -22
130 47
134 5
254 -132
-79 42
-101 -49
53 -205
-180 82
-78 74
-58 70
-20 -6
122 -8
-16 -110
96 -117
-190 937
630 672
-53 -74
-114 -43
-183 -55
171 -176
99 74
58 37
33 -200
-254 381
-30 -154
121 -37
-224 61
-124 0
10 68
15 71
116 191
-190 -939
95 114
-16 108
121 6
-20 4
-57 -71
-77 -75
-179 -83
52 204
-102 46
-79 -43
253 130
134 -7
129 -47
29 19
-395 -222
652 1473
-30 -30
734 -486
-87 -117
271 0
-42 106
-107 50
-181 332
167 250
69 6
123 -141
-117 192
832 -889
-8 68
-111 95
-391 -969
-570 -561
17 51
-254 367
-25 139
-287 733
-114 10
-24 57
-36 -376
388 118
-117 72
147 110
-71 -94
-1152 843
27 -97
58 7
-817 1131
-765 -155
61 37
54 10
-103 -46
-29 26
22 54
-54 -112
30 -98
-86 255
-31 4
39 -3
-96 -85
-21 26
21 50
-38 -30
92 167
53 -186
-21 -53
-89 38
41 103
-91 0
-29 -122
-29 33
-25 -268
19 151
-84 -20
-13 92
38 -6
-53 -58
56 -74
-18 0
110 -176
-765 155
61 -38
-104 45
54 -13
30 97
-55 110
23 -56
-30 -27
92 -169
-38 29
21 -51
-23 -28
-96 85
38 1
-32 -6
-86 -257
111 175
-19 -2
57 73
-54 57
38 5
-15 -93
-85 20
19 -152
-26 267
-29 -34
-30 121
-91 -1
42 -105
-90 -40
-22 52
53 184
652 -1474
-30 28
-87 114
733 482
-180 -334
-107 -53
-41 -108
269 -2
-391 967
-109 -97
-8 -69
831 886
-115 -193
122 138
68 -8
167 -251
-816 -1133
57 -9
27 93
-1151 -845
-70 91
146 -111
-116 -73
387 -120
-35 373
-23 -58
-113 -12
-286 -735
-24 -141
-253 -369
16 -53
-569 557
-238 3079
57 25
-309 -183
10 211
2237 -649
-7 65
168 52
-87 -25
1527 -1340
35 92
-27 -44
170 -28
673 114
-148 9
62 -5
-653 825
502 494
11 -39
215 -23
146 -73
-1323 405
3 132
47 148
-393 320
-1730 344
165 98
93 73
-289 428
256 155
-87 16
-129 47
1063 -1665
-647 254
-68 48
-34 -75
16 50
66 162
-67 -36
32 78
-30 -36
116 -57
-8 50
11 -69
-84 70
-53 67
-25 -50
49 68
38 -178
156 152
27 13
47 94
26 -98
-31 -67
-21 42
-61 -38
-53 2
-26 17
31 -16
-65 34
-46 -21
27 43
-5 13
-14 -113
59 -17
-450 1169
13 99
96 -31
79 -86
-50 -75
23 82
-86 41
-240 -46
17 214
42 217
-56 61
42 41
107 22
-41 -40
20 -72
85 177
223 -297
-21 -136
-12 -63
-85 45
-82 159
-68 -11
63 96
-74 68
284 -132
-12 -129
99 -6
20 -5
-73 64
-22 108
-73 -24
41 -674
-2295 -1041
30 -6
83 -62
164 302
-210 333
-17 99
-62 -12
-180 2
328 -439
-39 124
-125 75
-62 -248
12 -11
223 298
-33 -103
-144 -147
603 1389
-68 -23
2 -59
60 -26
-51 -4
-173 -314
15 40
285 -46
-138 -112
47 -107
19 60
-132 -26
-69 81
-292 -345
-30 11
947 25
-2296 1040
30 5
164 -304
84 61
-181 -5
-64 10
-18 -102
-211 -336
-145 145
-34 101
224 -301
12 9
-64 247
-127 -78
-40 -127
328 437
948 -28
-31 -13
-293 343
-70 -84
-134 25
20 -63
47 105
-139 111
285 44
15 -43
-173 312
-52 2
60 24
2 58
-69 21
603 -1391
-449 -1169
12 -99
78 85
96 30
-239 44
-86 -42
23 -83
-50 73
84 -178
19 70
-40 38
107 -23
40 -41
-56 -62
42 -218
16 -215
41 672
-72 23
-21 -109
-73 -65
19 3
98 4
-11 127
284 131
-73 -70
62 -97
-67 9
-82 -160
-85 -46
-11 62
-21 134
223 295
-647 -255
-68 -50
16 -52
-34 74
-31 36
33 -79
-67 35
65 -164
39 177
49 -69
-26 49
-55 -69
-85 -72
11 68
-9 -51
116 55
58 15
-14 112
-5 -15
27 -45
-47 21
-67 -35
30 15
-26 -19
-53 -4
-62 38
-22 -44
-32 66
27 96
47 -96
27 -15
157 -153
-237 -3081
57 -27
10 -213
-308 179
-86 21
168 -54
-5 -67
2236 645
-651 -827
61 2
-147 -11
672 -117
170 26
-26 40
35 -93
1527 1336
1062 1662
-127 -49
-86 -19
256 -157
-288 -430
91 -74
165 -100
-1728 -346
-392 -322
47 -150
3 -134
-1322 -407
146 69
215 20
11 35
502 -496
1509 588
4 -59
219 94
-197 5
-669 -483
173 210
17 170
295 -211
-2560 -138
147 -40
-21 -100
-39 269
501 251
-49 6
-22 63
-201 42
1551 -102
-19 2
88 -116
295 2
119 -170
66 72
228 37
-1106 828
2467 -282
-8 51
139 -168
249 219
-337 -7
-35 86
49 72
622 650
-77 309
23 -53
-49 85
40 -2
32 -59
20 8
-22 -57
-121 -9
1 -25
5 44
-15 -47
-28 34
59 71
-9 -21
17 12
68 -85
4 -40
-59 2
72 11
-2 -3
-51 37
-29 -24
-40 62
-25 47
85 101
4 16
26 56
37 -38
-34 -107
-48 32
13 9
-107 -46
-284 -104
0 -191
144 -24
-92 51
-7 0
-15 43
8 67
170 -78
-111 70
-27 -75
129 -50
70 -33
-104 -9
-51 45
-18 5
-452 160
51 129
-23 148
-95 15
56 39
93 -68
30 -54
19 1
-166 -83
250 -34
48 66
-80 -23
-140 108
-52 118
26 -62
37 98
708 194
-61 -599
26 -46
148 48
3 25
-151 -83
-100 -68
-98 43
140 -168
485 119
25 59
10 43
205 43
-62 58
-133 -240
-20 -50
328 133
-804 451
-81 -29
-45 -53
-115 31
27 10
175 147
26 55
-463 -33
159 58
-17 27
10 -49
-161 -77
-103 10
-3 66
19 37
9 165
-1729 136
-3 -45
-510 653
-115 6
192 -238
3 49
9 219
-42 -352
13 168
-24 -20
-242 340
-32 140
-263 374
-45 -60
-15 45
-327 -303
132 297
-15 66
567 -537
32 54
-201 82
-61 -60
-86 -18
-361 41
440 415
-85 113
-16 -153
-89 -41
369 -449
-1 -37
-3 -29
923 396
-246 -1050
-18 -34
-25 6
-66 -57
-208 -37
18 -48
-64 86
53 5
247 326
-46 -8
-96 -1
118 -19
-26 -103
-31 -82
15 123
230 -32
-516 204
-27 18
82 31
-24 75
-20 85
25 -30
-44 -152
0 -49
-6 -54
-16 12
11 -65
-94 -221
-40 14
56 51
47 -81
15 235
-1080 -227
-23 18
39 -53
5 47
44 185
-39 -70
-41 40
35 -114
-43 45
-79 101
43 -6
-139 30
-76 59
22 -145
5 66
-4 21
233 174
-8 -63
-30 79
65 -81
-63 -137
-29 56
-63 -36
-70 -146
-6 108
37 -6
-46 -14
-1 -27
-38 32
-52 51
36 -71
356 -33
922 -3901
-26 -51
135 43
-278 -175
-340 -515
121 -21
-99 -26
-978 -1211
-142 40
-25 -91
-47 -67
-1258 -728
14 79
261 -108
10 -95
515 138
-1177 982
-48 -2
-71 -1
791 409
-241 -250
47 -88
98 -67
462 812
88 361
-63 -82
-126 -143
1825 671
-70 -108
-123 87
92 8
25 808
922 3900
-28 48
-280 172
134 -46
-980 1210
-100 23
121 19
-341 513
515 -141
10 93
262 107
14 -82
-1259 726
-48 65
-26 89
-143 -43
25 -812
91 -11
-124 -90
-71 106
1825 -674
-127 141
-65 81
88 -365
462 -816
98 65
47 86
-243 247
792 -413
-72 -2
-49 0
-1178 -985
-1080 225
-23 -19
4 -48
38 51
34 112
-41 -42
-38 68
43 -185
-3 -22
4 -67
22 144
-75 -60
-139 -31
42 4
-78 -102
-43 -46
357 31
35 70
-52 -53
-37 -33
0 25
-45 13
37 4
-5 -110
-69 144
-62 34
-28 -56
-63 135
66 79
-29 -80
-7 61
233 -175
-246 1049
-19 32
-67 56
-25 -7
53 -6
-64 -88
18 48
-208 36
231 31
15 -124
-31 81
-26 103
118 19
-97 0
-46 8
247 -328
15 -236
47 80
57 -53
-41 -16
-94 220
12 64
-16 -13
-7 54
-1 48
-44 151
25 29
-21 -86
-25 -77
82 -33
-28 -19
-516 -205
-1728 -138
-3 42
-115 -8
-509 -654
-42 350
8 -220
3 -50
192 236
-326 300
-15 -46
-44 57
-262 -375
-32 -141
-242 -341
-23 18
12 -169
923 -397
-2 27
0 35
368 446
-88 38
-15 150
-85 -114
439 -416
-360 -44
-85 15
-60 58
-200 -83
32 -56
567 534
-14 -67
133 -298
-61 598
26 45
2 -27
149 -51
140 167
-99 -45
-101 66
-152 82
328 -136
-20 49
-134 239
-64 -61
205 -45
11 -45
25 -61
486 -121
9 -168
19 -40
-2 -69
-104 -13
-162 76
10 48
-18 -30
159 -61
-464 31
27 -58
175 -150
26 -12
-116 -34
-46 51
-82 27
-804 -454
-283 103
0 189
-92 -52
144 22
170 77
8 -68
-15 -44
-6 -1
-452 -162
-17 -5
-51 -46
-104 7
69 32
129 48
-26 73
-110 -70
708 -195
37 -99
26 60
-52 -119
-139 -109
-80 21
48 -68
250 31
-166 81
19 -2
30 52
92 68
56 -40
-95 -16
-23 -149
50 -129
-79 -311
23 52
40 1
-50 -87
-122 8
-22 56
20 -9
32 58
68 83
18 -14
-9 19
59 -72
-30 -37
-16 46
5 -45
2 24
-108 45
13 -11
-48 -34
-35 106
37 37
25 -59
5 -17
85 -103
-25 -49
-41 -64
-30 24
-53 -39
-3 2
71 -14
-59 -3
4 39
1509 -591
4 55
-196 -8
219 -97
295 207
18 -172
173 -212
-668 479
-200 -46
-20 -65
-47 -10
501 -254
-38 -271
-20 96
147 38
-2557 135
622 -652
49 -75
-33 -88
-335 3
248 -222
138 163
-7 -54
2466 278
-1104 -831
228 -40
67 -75
119 166
296 -5
88 112
-17 -4
1551 98
