-15835 0
-308 0
422 -82
422 80
-865 1276
-772 -488
-772 486
-865 -1280
2330 3817
-494 424
-316 1040
-2169 -997
-2170 994
-316 -1043
-495 -427
2329 -3821
-2830 -1104
-17 338
-40 22
-143 -79
-1051 141
-603 -594
-946 -65
1204 -4372
1204 4368
-946 61
-604 591
-1050 -145
-143 75
-40 -25
-17 -342
-2830 1099
-70 0
76 0
-190 85
-190 -86
9 60
-14 -37
-14 36
9 -62
-3 -124
-12 -101
-79 24
74 -135
74 134
-79 -26
-13 100
-4 123
34 153
-43 65
166 -39
72 139
-93 -91
20 20
25 -80
18 -2
18 0
25 79
20 -21
-92 89
73 -140
166 38
-43 -67
34 -154
233 -82
24 32
-267 121
-12 111
17 -459
195 -143
51 100
114 -179
-24 -226
39 135
-319 -229
-153 -67
293 -124
-53 87
42 -26
34 -61
-127 68
-44 -163
471 129
58 -120
-177 372
-135 17
-69 -77
-91 25
55 400
-100 57
68 59
47 254
-128 -138
92 -81
-14 58
-146 136
232 81
23 -33
-12 -112
-266 -122
113 177
50 -101
195 141
17 457
34 59
41 24
-52 -88
292 122
-153 65
-319 227
38 -136
-24 224
-145 -137
-14 -59
91 79
-127 136
46 -255
67 -60
-100 -58
55 -402
-91 -27
-68 75
-134 -18
-177 -373
57 117
470 -130
-44 161
-127 -69
-1527 2028
-45 109
141 122
-107 31
-881 -171
-189 153
-177 203
542 -268
-90 -582
151 -95
29 -118
504 791
-317 4
29 -112
120 -119
665 -30
691 364
112 197
56 64
-319 -233
874 420
-50 177
103 165
-1421 251
1012 442
-122 -56
70 52
-646 -397
-154 -54
51 -69
-272 -93
110 -730
-1010 -245
76 45
51 -127
39 21
-55 63
-96 -123
9 92
125 -168
-55 68
-86 17
-82 36
-94 -71
-31 -94
120 -9
15 11
70 6
200 45
-50 -51
34 64
20 -10
-50 4
-57 6
-73 -89
-35 -107
-21 179
91 58
-26 -47
-68 41
-88 146
-95 -45
-52 -35
235 -129
-1011 245
76 -46
39 -23
51 126
125 167
9 -93
-97 123
-55 -65
71 -9
14 -13
121 7
-32 93
-94 70
-83 -39
-87 -19
-55 -70
235 128
-53 34
-96 44
-88 -148
-68 -44
-27 47
91 -59
-22 -181
-35 106
-74 89
-58 -7
-52 -5
20 9
33 -66
-51 51
199 -46
-1527 -2029
-45 -110
-107 -33
140 -124
541 265
-176 -205
-188 -155
-879 168
665 27
119 115
29 108
-316 -7
504 -793
28 114
151 92
-90 579
110 727
-271 90
51 66
-152 51
-645 394
69 -53
-122 54
1011 -444
-1420 -253
103 -167
-49 -178
873 -421
-318 230
55 -66
111 -199
689 -366
866 1459
-239 97
661 -122
332 226
1544 -1030
-49 409
138 97
-317 -330
347 -3834
284 21
-74 -81
-132 17
-753 572
-176 -3
239 75
-2857 950
207 1816
196 176
-238 -229
-215 -403
280 -738
96 91
-26 115
804 -560
-835 2969
-111 -263
180 138
199 1203
79 389
-91 48
-137 -159
1815 -59
-447 288
-65 -57
149 62
-14 8
-72 99
-124 116
92 34
-21 -50
67 -23
-12 -40
-8 143
-95 52
132 24
-50 -67
-30 58
-47 -67
-2 71
20 109
-29 -131
63 -56
-43 -1
77 -58
-101 -29
-23 -78
147 60
25 -40
-42 -27
-45 5
-219 7
-20 56
67 -24
36 -55
-89 708
-85 -134
-157 42
-31 -31
-168 262
-14 11
-65 114
-229 67
186 125
18 199
25 148
66 71
-330 59
93 -40
129 -116
-180 -255
-19 -149
39 24
64 -43
-52 58
391 -49
-143 132
-75 111
110 59
94 -239
28 -162
73 -186
-18 -71
228 -32
-12 -25
-34 129
-36 52
-817 -648
-8 101
-81 223
106 260
-248 -3
73 -158
-158 -7
-317 -301
19 178
85 -118
29 9
-253 -22
-218 352
-144 -87
-4 76
-231 -657
-114 166
-25 9
-45 -26
11 -249
70 -72
69 40
13 -43
447 158
189 192
-235 179
32 51
189 126
155 -408
-8 -93
-23 -148
136 626
-818 647
-9 -102
106 -263
-82 -226
-318 299
-160 5
74 157
-249 1
-232 656
-5 -79
-145 85
-219 -354
-254 21
31 -11
86 116
19 -181
136 -628
-24 147
-9 91
155 406
190 -129
31 -53
-236 -182
190 -195
447 -161
13 42
69 -43
70 70
12 247
-46 24
-26 -11
-115 -169
-89 -708
-84 133
-31 29
-157 -43
-228 -68
-66 -115
-13 -12
-168 -263
-179 253
129 114
92 38
-330 -60
66 -71
25 -148
18 -200
185 -126
-35 -52
-33 -129
-12 23
227 30
-18 69
72 184
27 160
94 238
110 -61
-74 -111
-143 -134
391 47
-51 -59
64 41
39 -25
-19 147
-447 -290
-65 57
-15 -9
148 -65
-21 49
91 -36
-124 -118
-73 -101
-48 65
-32 -59
-50 66
132 -26
-95 -53
-8 -145
-13 39
67 22
36 55
68 23
-20 -58
-220 -9
-46 -7
-43 27
26 39
146 -62
-23 77
-102 28
76 57
-44 0
64 54
-30 130
21 -111
-4 -73
866 -1461
-238 -99
332 -228
660 118
-316 327
137 -99
-47 -411
1543 1026
-2856 -953
238 -76
-174 0
-753 -574
-129 -18
-73 78
284 -24
347 3830
1815 56
-135 156
-89 -50
79 -390
199 -1205
180 -140
-109 260
-834 -2971
804 557
-24 -117
95 -93
280 735
-214 399
-236 225
196 -179
207 -1817
-1608 70
256 -27
-622 357
-539 35
-114 1462
-83 -34
129 -52
-161 -240
734 -63
-72 -35
260 -262
505 668
1280 -313
80 300
-99 202
193 -805
2154 1834
-112 -141
324 185
242 186
-9 427
55 136
133 -5
-1119 2245
-667 -3195
345 243
2 -17
66 -701
-281 -564
104 -313
10 96
2090 173
-85 299
1 -41
0 -82
112 32
142 116
3 27
-72 10
-135 6
185 94
29 142
18 -17
-14 61
-239 0
25 65
-29 -88
-15 -229
-34 -136
-26 -67
-50 50
-97 -23
111 -52
-41 -23
38 51
29 69
-179 -57
-17 -80
55 12
66 -44
144 88
-72 -71
7 102
-69 110
-78 129
107 49
276 48
-27 76
266 64
-203 78
49 -153
-111 83
60 -178
-69 -154
-13 51
-21 -36
169 56
-56 96
-74 142
-301 -86
85 201
-30 60
-163 -186
82 32
-206 -96
172 -98
13 -23
121 -6
-73 7
148 110
54 189
-11 11
-198 59
-49 -104
-29 -99
233 148
-520 87
-135 -77
-96 76
-115 9
-89 114
-94 98
-52 -82
204 -435
457 103
-51 79
-30 172
-246 -391
34 -295
408 -28
-70 63
363 -105
-141 180
28 97
84 -138
323 219
58 307
-224 12
-22 69
-392 212
-189 -213
116 -174
38 -32
-62 411
-29 84
-271 -83
153 -67
-58 -136
-1392 570
70 -86
14 53
253 134
416 382
79 -82
-26 -8
113 -358
788 -131
-14 188
43 123
1 -422
-62 -194
-100 4
-283 12
-522 -246
-58 416
-131 -105
16 -132
-170 15
-99 151
-138 -39
50 13
47 -278
-487 -1
-57 99
-26 112
-381 669
-54 181
-97 -57
147 112
473 153
-689 -913
5 -140
99 22
159 20
-77 -21
-41 17
42 -119
99 241
19 -118
-108 -21
-38 38
282 76
-129 -126
20 -51
42 18
-29 133
49 403
21 92
-94 -88
-264 -68
13 43
25 -55
-125 -50
191 -342
-148 193
47 -58
-15 110
-243 -297
-3 61
-57 17
-2 58
249 73
-887 33
-33 -90
-90 -51
-132 -112
-221 43
-132 1
182 55
132 62
35 198
-39 15
-25 -60
75 -126
-70 -33
78 72
43 34
131 -73
105 -50
-22 74
105 113
49 228
73 104
-34 -67
-218 -84
-79 -147
113 42
74 -33
-143 42
-245 -132
9 2
21 -75
35 21
101 -119
1655 -4848
172 72
-10 162
-353 88
-953 -1530
123 50
148 39
254 135
359 92
-169 -96
-64 -133
945 130
-340 -38
168 -185
-160 -193
-657 -2159
-1992 977
98 -187
-153 -63
-73 -8
240 650
98 5
139 -333
1227 1198
236 791
-104 -131
-213 76
-813 -827
330 -369
119 -37
-85 239
117 3138
1656 4847
172 -75
-353 -91
-11 -166
254 -138
149 -42
122 -52
-954 1527
-658 2157
-161 192
169 183
-341 36
945 -133
-65 130
-170 94
360 -96
117 -3142
-87 -242
119 35
330 367
-814 826
-215 -80
-105 129
236 -795
1228 -1202
139 331
98 -8
240 -653
-75 5
-154 61
98 185
-1993 -981
-886 -34
-32 89
-131 110
-89 49
131 -63
182 -56
-132 -1
-220 -44
131 72
42 -34
78 -72
-69 31
75 124
-25 58
-38 -16
35 -200
102 117
34 -21
20 74
9 -2
-244 130
-143 -43
74 31
112 -43
-78 146
-217 83
-34 66
72 -105
48 -229
104 -114
-22 -76
105 48
-688 912
5 140
159 -22
99 -24
99 -243
42 118
-42 -19
-78 21
-30 -134
43 -19
21 50
-130 125
282 -77
-40 -40
-109 21
19 117
249 -74
-4 -60
-58 -19
-3 -63
-242 297
-16 -111
48 58
-149 -195
191 340
-126 49
25 55
14 -45
-265 67
-94 87
21 -94
49 -404
-1391 -572
69 84
253 -136
14 -55
112 355
-25 5
78 79
415 -383
-522 244
-282 -13
-98 -5
-61 191
1 419
42 -125
-13 -189
787 128
473 -154
146 -114
-96 54
-53 -183
-380 -671
-26 -114
-56 -100
-486 -1
47 275
50 -15
-137 37
-98 -153
-169 -17
16 129
-131 102
-57 -418
-520 -89
-136 76
-116 -13
-97 -79
204 434
-54 80
-95 -101
-89 -117
364 103
-71 -66
409 26
35 293
-248 390
-31 -175
-52 -82
457 -105
-59 135
154 66
-273 82
-30 -87
-63 -414
39 30
116 173
-189 211
-393 -215
-23 -72
-224 -15
58 -310
323 -223
84 137
28 -100
-142 -182
-77 -130
106 -50
-27 -77
276 -49
-111 -84
48 152
-203 -79
266 -65
-300 83
-73 -143
-55 -96
169 -58
-22 34
-13 -52
-68 153
59 177
232 -148
-28 98
-49 101
-198 -61
-11 -12
54 -190
148 -111
-72 -7
121 4
13 20
172 97
-206 94
81 -33
-163 185
-29 -62
84 -201
-85 -301
1 39
113 -33
0 82
-136 -8
-73 -12
3 -29
142 -117
-16 228
-29 88
25 -66
-240 -3
-15 -63
17 16
30 -144
184 -95
-70 -111
7 -104
-73 69
144 -91
67 43
56 -14
-18 80
-180 56
29 -70
37 -52
-42 22
111 51
-98 22
-52 -52
-27 66
-35 136
-1607 -72
255 23
-537 -37
-620 -359
-160 236
129 48
-82 30
-112 -1464
193 802
-97 -204
80 -301
1280 308
505 -671
259 258
-70 31
733 61
2091 -174
11 -98
105 309
-280 559
67 698
3 14
346 -245
-665 3192
-1117 -2247
132 2
56 -139
-8 -428
243 -188
323 -187
-111 137
2153 -1836
