-32768
-32768
-32768
-32768
-32768
-32768
-32768
-32768
-32768
-32768
-32768
-32768
-32768
-32768
-32768
-32768
-32768
-32768
-32768
-32768
-32768
-32768
-32768
-32768
-32768
-32768
-32768
-32768
0
0
0
0
-32768
-32768
-32768
-32768
-32768
-32768
-32768
-32768
-32768
-32768
-32768
-32768
-32768
-32768
-32768
-32768
-32768
-32768
-32768
-32768
-32768
-32768
-32768
-32768
-32768
-32768
-32768
-32768
0
0
0
0
-32768
-32768
-32768
-32768
-32768
-32768
-32768
-32768
-32768
-32768
-32768
-32768
-32768
-32768
-32768
-32768
-32768
-32768
-32768
-32768
-32768
-32768
-32768
-32768
-32768
-32768
-32768
-32768
0
0
0
0
-32768
-32768
-32768
-32768
-32768
-32768
-32768
-32768
-32768
-32768
-32768
-32768
-32768
-32768
-32768
-32768
-32768
-32768
-32768
-32768
-32768
-32768
-32768
-32768
-32768
-32768
-32768
-32768
0
0
0
0
-32768
-32768
-32768
-32768
-32768
-32768
-32768
-32768
-32768
-32768
-32768
-32768
-29952
5632
32000
18944
-24832
-32768
-32768
-32768
-32768
-32768
-32768
-32768
-32768
-32768
-32768
-32768
0
0
0
0
-32768
-32768
-32768
-32768
-32768
-32768
-32768
-32768
-32768
-32768
-32768
-32768
-23296
31488
31488
32000
-5376
-32768
-32768
-32768
-32768
-32768
-32768
-32768
-32768
-32768
-32768
-32768
0
0
0
0
-32768
-32768
-32768
-32768
-32768
-32768
-32768
-32768
-32768
-32768
-32768
-27392
17664
31488
31488
32000
-5376
-32768
-32768
-32768
-32768
-32768
-32768
-32768
-32768
-32768
-32768
-32768
0
0
0
0
-32768
-32768
-32768
-32768
-32768
-32768
-32768
-32768
-32768
-32768
-4608
15872
31488
31488
31488
32000
10496
-4864
-16896
-32768
-32768
-32768
-32768
-32768
-32768
-32768
-32768
-32768
0
0
0
0
-32768
-32768
-32768
-32768
-32768
-32768
-32768
-32768
-32768
-32768
32000
31488
31488
31488
31488
32000
31488
31488
23552
-19712
-32768
-32768
-32768
-32768
-32768
-32768
-32768
-32768
0
0
0
0
-32768
-32768
-32768
-32768
-32768
-32768
-32768
-32768
-32768
13824
32512
32000
32000
32000
32000
27136
24064
32000
32000
32000
-32768
-32768
-32768
-32768
-32768
-32768
-32768
-32768
0
0
0
0
-32768
-32768
-32768
-32768
-32768
-32768
-32768
-32768
-16640
23808
32000
31488
31488
31488
4864
-13056
-16896
0
31488
31488
-5888
-32768
-32768
-32768
-32768
-32768
-32768
-32768
0
0
0
0
-32768
-32768
-32768
-32768
-32768
-32768
-32768
-24576
26368
31488
32000
31488
23552
2304
-30208
-32768
-32768
-24832
26112
31488
29440
-3840
-31488
-32768
-32768
-32768
-32768
-32768
0
0
0
0
-32768
-32768
-32768
-32768
-32768
-32768
-32768
-23296
31488
31488
32000
15360
-27648
-32768
-32768
-32768
-32768
-32768
-4864
31488
32000
31488
-23808
-32768
-32768
-32768
-32768
-32768
0
0
0
0
-32768
-32768
-32768
-32768
-32768
-32768
-32768
-23296
31488
31488
18688
-25088
-32768
-32768
-32768
-32768
-32768
-32768
-24832
18432
32000
31488
-23808
-32768
-32768
-32768
-32768
-32768
0
0
0
0
-32768
-32768
-32768
-32768
-32768
-32768
-32768
-23296
32000
32000
-32768
-32768
-32768
-32768
-32768
-32768
-32768
-32768
-24576
18944
32512
32000
9216
-32768
-32768
-32768
-32768
-32768
0
0
0
0
-32768
-32768
-32768
-32768
-32768
-32768
-32768
3072
31488
31488
-32768
-32768
-32768
-32768
-32768
-32768
-32768
-32768
-4864
31488
32000
31488
-23808
-32768
-32768
-32768
-32768
-32768
0
0
0
0
-32768
-32768
-32768
-32768
-32768
-32768
-32768
22784
31488
31488
-32768
-32768
-32768
-32768
-32768
-32768
-27392
-16640
26368
31488
32000
26112
-25088
-32768
-32768
-32768
-32768
-32768
0
0
0
0
-32768
-32768
-32768
-32768
-32768
-32768
-32768
22784
31488
31488
-32768
-32768
-32768
-32768
-32768
-32768
4096
31488
31488
31488
23808
-17152
-32768
-32768
-32768
-32768
-32768
-32768
0
0
0
0
-32768
-32768
-32768
-32768
-32768
-32768
-32768
22784
31488
31488
-32768
-32768
-32768
-32768
-32768
13824
23808
31488
31488
31488
13312
-32768
-32768
-32768
-32768
-32768
-32768
-32768
0
0
0
0
-32768
-32768
-32768
-32768
-32768
-32768
-32768
23040
32000
32000
-14080
-14080
25600
32000
32000
32512
32000
32000
32000
32000
-32768
-32768
-32768
-32768
-32768
-32768
-32768
-32768
0
0
0
0
-32768
-32768
-32768
-32768
-32768
-32768
-32768
-3840
31488
31488
32000
31488
31488
31488
31488
32000
31488
31488
31488
4864
-32768
-32768
-32768
-32768
-32768
-32768
-32768
-32768
0
0
0
0
-32768
-32768
-32768
-32768
-32768
-32768
-32768
-24832
26112
31488
32000
31488
31488
31488
31488
32000
26112
15616
-23808
-30208
-32768
-32768
-32768
-32768
-32768
-32768
-32768
-32768
0
0
0
0
-32768
-32768
-32768
-32768
-32768
-32768
-32768
-32768
-16896
3584
32000
31488
31488
31488
31488
32000
-5376
-32768
-32768
-32768
-32768
-32768
-32768
-32768
-32768
-32768
-32768
-32768
0
0
0
0
-32768
-32768
-32768
-32768
-32768
-32768
-32768
-32768
-32768
-32768
-14336
11776
31488
11520
-14592
-14336
-25088
-32768
-32768
-32768
-32768
-32768
-32768
-32768
-32768
-32768
-32768
-32768
0
0
0
0
-32768
-32768
-32768
-32768
-32768
-32768
-32768
-32768
-32768
-32768
-32768
-32768
-32768
-32768
-32768
-32768
-32768
-32768
-32768
-32768
-32768
-32768
-32768
-32768
-32768
-32768
-32768
-32768
0
0
0
0
-32768
-32768
-32768
-32768
-32768
-32768
-32768
-32768
-32768
-32768
-32768
-32768
-32768
-32768
-32768
-32768
-32768
-32768
-32768
-32768
-32768
-32768
-32768
-32768
-32768
-32768
-32768
-32768
0
0
0
0
-32768
-32768
-32768
-32768
-32768
-32768
-32768
-32768
-32768
-32768
-32768
-32768
-32768
-32768
-32768
-32768
-32768
-32768
-32768
-32768
-32768
-32768
-32768
-32768
-32768
-32768
-32768
-32768
0
0
0
0
-32768
-32768
-32768
-32768
-32768
-32768
-32768
-32768
-32768
-32768
-32768
-32768
-32768
-32768
-32768
-32768
-32768
-32768
-32768
-32768
-32768
-32768
-32768
-32768
-32768
-32768
-32768
-32768
0
0
0
0
0
0
0
0
0
0
0
0
0
0
0
0
0
0
0
0
0
0
0
0
0
0
0
0
0
0
0
0
0
0
0
0
0
0
0
0
0
0
0
0
0
0
0
0
0
0
0
0
0
0
0
0
0
0
0
0
0
0
0
0
0
0
0
0
0
0
0
0
0
0
0
0
0
0
0
0
0
0
0
0
0
0
0
0
0
0
0
0
0
0
0
0
0
0
0
0
0
0
0
0
0
0
0
0
0
0
0
0
0
0
0
0
0
0
0
0
0
0
0
0
0
0
0
0
0
0
0
0
