-19793 0
51 0
-166 96
-166 -98
195 2430
-793 -353
-794 350
195 -2434
2418 2994
-573 315
-218 622
-1256 -682
-1257 678
-218 -625
-573 -318
2417 -2998
-210 131
-147 277
434 473
-519 213
-1706 67
-696 -763
-926 -108
-328 -3632
-328 3628
-926 105
-696 761
-1705 -70
-520 -217
433 -476
-147 -281
-210 -134
46 0
30 0
-141 -52
-141 51
-14 -81
-43 53
-44 -55
-14 79
-123 -40
57 -77
0 36
65 -32
65 30
0 -37
57 76
-123 39
24 -5
-29 50
23 63
88 48
-87 51
81 23
-61 0
109 -75
109 74
-61 -1
82 -24
-86 -52
87 -49
22 -65
-29 -52
24 4
-233 -364
-41 -19
385 -26
84 -59
86 282
-158 -7
2 59
236 -3
355 54
-102 24
-121 80
-221 -98
-129 238
-20 -65
47 -13
-327 196
-168 185
120 -4
-231 -99
43 14
110 -349
106 76
-60 -106
-133 -302
-291 -188
112 -55
168 7
72 204
-134 -14
-50 65
-47 73
513 199
-233 363
-41 17
84 57
384 24
235 0
1 -60
-158 6
86 -284
-327 -197
47 10
-19 63
-130 -240
-220 95
-121 -81
-102 -26
355 -55
512 -200
-47 -74
-50 -66
-133 11
71 -205
167 -8
111 53
-291 186
-132 300
-60 104
106 -77
109 347
41 -15
-231 97
120 3
-168 -186
-1382 3360
22 -42
1237 -608
-122 -45
379 288
28 174
53 136
-456 -16
-486 -258
192 79
248 13
168 105
285 939
-195 -43
-39 145
578 249
938 -604
-168 50
-842 197
88 199
-464 -937
-8 -133
-106 -27
-451 223
792 541
-158 69
50 111
-252 -262
-731 328
-9 63
30 -62
-277 -1785
-881 -391
19 -54
-15 -82
-150 -247
11 9
-113 -29
-33 14
-339 -199
23 271
4 -4
-128 -43
-174 39
-38 48
-76 -95
36 40
-95 -296
-38 -47
-72 77
94 72
88 154
-164 -65
58 -14
-68 -57
295 181
19 140
23 -26
10 52
249 -177
-10 56
141 153
-19 -45
299 117
-881 391
19 53
-150 246
-16 81
-339 198
-34 -16
-114 29
11 -10
-96 294
36 -42
-77 94
-39 -50
-175 -41
-129 42
4 4
23 -273
299 -119
-20 44
140 -155
-10 -58
249 175
10 -53
23 25
19 -142
296 -184
-69 56
58 13
-164 64
88 -156
95 -74
-73 -79
-40 46
-1381 -3361
21 39
-121 42
1236 605
-455 13
53 -138
27 -175
378 -289
577 -251
-38 -147
-194 40
284 -940
167 -107
247 -16
191 -81
-486 255
-277 1782
30 59
-9 -64
-729 -330
-251 259
49 -112
-157 -70
791 -542
-450 -225
-106 24
-8 129
-463 933
88 -201
-840 -200
-167 -52
937 601
972 3647
88 83
-32 493
267 142
1312 35
28 124
87 179
-563 679
1393 -327
110 115
321 216
-128 100
1375 -517
-24 175
162 51
-137 -931
645 -567
33 -52
-80 -283
98 -129
-763 1166
-109 56
19 68
260 621
-1574 -1041
84 -4
55 -206
-2 11
-579 -366
-228 -17
-245 11
-824 -477
-563 325
34 127
40 17
89 4
34 -7
81 -37
85 124
-140 47
100 28
-33 6
121 84
62 61
-71 107
-2 76
-48 -65
83 -141
124 41
56 -98
-113 -59
-161 -6
-48 55
-110 -40
11 -43
4 -66
26 58
-78 73
-144 -32
-25 -89
68 -51
2 -68
-77 5
-43 -49
274 619
-53 -23
23 -41
5 -49
299 96
-93 -14
30 49
-113 -56
276 -117
-4 -8
67 94
-37 66
122 66
3 -33
1 12
-270 -229
-318 -76
15 66
13 -28
-3 -3
-170 -101
-20 57
-31 65
89 33
-89 117
70 35
-42 -74
-20 75
-92 83
-20 46
26 -27
-131 143
-1692 717
-68 -66
-70 -14
-434 -328
-227 449
173 0
-10 26
-78 319
-93 -158
-114 8
52 65
55 541
-6 -187
449 -33
-158 21
209 375
803 -104
82 44
44 94
116 93
232 5
-523 16
-26 -69
-16 -333
-185 66
-51 -71
-75 -47
-51 -835
-155 15
120 63
127 40
263 -1006
-1692 -719
-69 66
-434 327
-71 13
-79 -322
-10 -29
173 -1
-228 -451
209 -378
-159 -24
449 32
-7 186
55 -544
53 -67
-115 -11
-93 156
263 1005
128 -42
120 -66
-156 -18
-52 835
-76 46
-51 70
-186 -68
-16 332
-27 68
-524 -19
233 -7
117 -96
44 -98
82 -47
803 103
274 -620
-53 22
4 48
22 40
-113 53
30 -51
-92 13
299 -97
-270 227
1 -12
2 32
122 -66
-37 -67
67 -94
-3 6
276 116
-131 -143
26 26
-19 -47
-92 -84
-20 -75
-42 73
70 -35
-89 -118
89 -34
-31 -65
-20 -58
-168 99
-2 1
13 26
14 -66
-318 74
-564 -326
34 -128
89 -6
40 -18
-141 -49
86 -126
81 36
34 6
83 139
-49 64
-4 -78
-72 -109
63 -63
120 -85
-34 -8
100 -30
-44 47
-77 -6
1 67
69 49
-25 88
-144 31
-79 -75
26 -60
4 65
11 42
-111 40
-48 -56
-163 4
-113 58
55 97
124 -43
972 -3649
87 -84
267 -144
-31 -494
-562 -681
87 -181
28 -127
1311 -37
-136 927
162 -54
-23 -177
1374 513
-127 -102
320 -218
110 -117
1392 324
-823 474
-244 -13
-227 14
-577 362
0 -14
56 203
84 1
-1573 1037
259 -623
19 -70
-108 -58
-761 -1168
98 125
-78 279
33 49
644 563
513 -70
-55 -100
-41 -523
-21 -55
-1421 -427
63 44
93 -90
-91 448
-1877 683
98 8
115 -123
390 138
41 56
-102 -86
-32 108
-590 2092
1005 685
-9 35
-136 72
-98 259
323 195
140 257
181 119
-973 -486
3006 -1449
123 72
103 69
287 -82
448 485
-65 80
108 30
1952 -598
-170 250
-97 25
-3 -33
80 -34
73 93
13 13
-74 -36
-32 -198
79 53
-60 -21
0 -100
-105 -114
-21 -140
-73 -154
89 -71
21 40
8 0
107 27
67 74
20 0
17 55
27 27
0 148
-89 20
-20 -76
-3 31
7 41
42 242
-48 128
-47 166
-29 -40
12 -93
-294 826
48 -25
-209 -280
45 11
-250 -213
42 39
13 28
-27 -44
-363 -376
66 39
-93 38
54 186
-201 -36
-17 36
19 14
167 -25
561 -77
-81 -46
128 186
-48 -57
285 109
-3 -43
-90 17
-203 241
330 338
-53 26
125 -96
-15 -129
225 161
-45 -7
18 47
-13 -420
-56 -371
105 25
-111 -146
301 -384
-71 -210
-170 80
125 44
-23 -205
538 266
-65 -62
-7 -79
-93 152
55 260
-71 299
117 -27
186 -556
-677 153
-53 61
33 155
-283 120
-205 92
19 -353
-122 -17
-201 296
60 2
175 49
-98 64
159 -86
135 -109
-34 125
-168 -35
-117 532
-570 1087
11 21
-853 -424
143 -99
-36 194
-161 27
-142 109
-24 303
-177 678
-53 26
-321 386
-25 -1
395 317
-56 -31
62 -137
-673 -614
-42 -560
47 65
554 197
-128 -77
-665 111
-93 -29
-97 156
529 -543
737 -266
68 -8
296 -279
-422 80
455 -2
9 126
-134 25
-224 411
-615 -760
-75 -20
-41 0
-30 41
-209 25
48 27
64 -92
220 -20
106 -62
-66 8
19 49
206 -152
25 -47
170 28
32 -33
63 -43
-40 357
55 23
-24 -7
-18 41
-36 56
-131 -90
-114 22
141 -46
-79 68
-14 -78
-95 24
-365 -44
-1 -42
-61 -67
40 -11
127 -6
-908 -209
99 73
62 -93
11 -83
156 -42
-99 -5
-88 29
-61 -78
178 5
-155 -7
2 -79
-9 -13
-87 -76
-25 -17
-15 -51
-2 -20
50 121
55 -75
-49 130
-102 104
-78 97
47 -34
31 -30
-16 -169
-228 258
52 37
7 68
43 -65
-32 78
19 -19
-123 18
254 36
1130 -2102
-91 23
-62 32
-295 -499
188 442
15 -8
-117 -32
-68 -84
-652 531
-153 -46
22 -28
-1680 195
-321 -276
-235 322
-62 1
1119 1046
-114 -694
92 -115
-58 102
584 -42
149 -510
181 -346
52 -174
-476 -795
-758 -154
46 -90
-46 -201
1982 -9
66 4
527 151
171 11
-845 53
1131 2101
-91 -26
-296 497
-63 -35
-69 81
-118 30
15 7
189 -446
1119 -1050
-63 -4
-236 -325
-321 274
-1682 -199
22 26
-154 44
-653 -535
-847 -57
171 -14
527 -154
66 -8
1983 8
-46 199
47 88
-760 151
-477 792
52 173
182 345
149 509
585 40
-59 -105
92 113
-116 692
-907 208
100 -74
10 82
61 92
-60 76
-88 -29
-99 4
157 40
-2 18
-15 49
-24 14
-86 74
-8 11
2 78
-155 5
177 -6
254 -37
-122 -19
18 17
-31 -80
43 64
7 -68
52 -37
-227 -259
-15 167
31 30
47 33
-78 -97
-101 -105
-49 -131
55 74
49 -122
-615 760
-75 19
-32 -43
-41 -2
221 20
65 92
48 -29
-209 -27
64 41
33 32
170 -30
25 46
206 152
19 -50
-67 -9
107 61
127 5
40 10
-61 66
-1 41
-365 44
-97 -26
-15 77
-81 -70
142 44
-115 -23
-131 89
-36 -58
-18 -43
-25 6
55 -24
-40 -359
-569 -1088
11 -23
142 96
-851 422
-23 -305
-141 -110
-160 -28
-34 -195
-672 611
62 134
-56 28
395 -318
-24 -1
-320 -387
-52 -27
-175 -680
-223 -413
-134 -27
9 -127
455 0
-421 -81
295 276
68 6
736 262
529 540
-96 -157
-91 26
-665 -112
-127 74
553 -199
46 -67
-41 557
-57 370
105 -28
301 382
-111 145
-24 204
126 -47
-171 -83
-71 209
186 555
117 26
-72 -302
56 -263
-95 -155
-8 77
-66 60
538 -268
-118 -535
-169 34
-35 -127
135 108
159 85
-99 -67
175 -51
59 -5
-202 -299
-123 15
19 351
-205 -95
-285 -122
34 -158
-54 -64
-678 -156
-294 -826
48 23
45 -12
-208 279
-27 42
13 -29
41 -41
-249 211
167 24
18 -14
-17 -37
-200 34
53 -188
-93 -39
65 -39
-362 374
-12 418
18 -48
-45 5
224 -162
-14 127
125 95
-53 -26
329 -339
-202 -242
-90 -18
-3 41
286 -111
-48 55
128 -188
-81 44
560 75
-172 -252
-98 -27
80 33
-3 31
-32 198
-76 34
13 -14
74 -96
22 -42
88 71
-73 153
-22 139
-106 114
0 99
-61 20
80 -55
12 91
-30 39
-47 -168
-49 -130
42 -244
7 -42
-4 -32
-21 75
-90 -23
-1 -149
27 -29
17 -57
20 0
67 -76
107 -29
8 -2
513 67
-54 96
-20 51
-39 519
-90 -450
92 86
63 -46
-1418 422
-588 -2095
-31 -110
-101 83
42 -59
391 -140
115 119
99 -10
-1875 -685
1953 593
108 -33
-63 -83
448 -487
287 78
103 -71
123 -74
3005 1445
-971 481
181 -121
140 -260
323 -197
-97 -261
-135 -74
-8 -37
1005 -688
