-19823 0
28 0
-183 -429
-183 427
-1130 1703
-934 -281
-934 278
-1130 -1707
2478 3790
-511 422
84 853
-811 -552
-811 548
84 -855
-512 -425
2477 -3794
-591 332
-197 312
-22 658
-319 86
-1875 1070
-667 -615
-851 72
1063 -2881
1063 2878
-850 -76
-668 612
-1875 -1073
-319 -91
-22 -662
-197 -316
-590 -336
-33 0
-21 0
52 -83
52 81
-60 10
-11 -84
-11 82
-60 -12
71 -11
-9 5
57 -39
-29 -18
-28 17
57 38
-9 -6
71 9
-15 22
12 -12
-62 110
-30 -11
83 -11
-25 59
15 -36
-32 10
-33 -12
16 35
-26 -61
83 10
-30 9
-62 -111
13 10
-14 -23
-22 114
72 -89
182 104
-257 -93
-9 -214
29 191
-55 -21
-200 35
-258 -21
-39 63
-11 30
22 168
284 -192
-42 145
-72 32
-22 113
167 -31
-68 34
-80 -110
76 -21
-190 273
-100 -221
63 -37
164 -14
198 94
76 -136
51 36
75 -155
-265 20
248 17
15 44
-52 -172
-22 -114
71 88
-257 91
181 -105
-200 -37
-55 18
29 -193
-9 211
-22 -114
-71 -33
-42 -146
283 189
22 -170
-11 -31
-39 -64
-258 18
-53 170
13 -45
248 -18
-265 -21
75 153
50 -37
75 134
197 -96
163 12
63 35
-100 219
-191 -274
76 19
-80 108
-68 -35
167 29
-135 2262
33 -11
98 159
-750 406
-800 -28
94 -76
84 208
-640 -9
59 570
-54 9
161 -8
341 1144
235 -551
-242 -143
-53 69
-430 -1193
-213 -685
61 73
82 -79
164 -740
431 868
-257 235
-3 -27
477 679
1133 -342
-38 131
-162 59
-388 -734
-413 196
646 -125
-97 -14
-481 143
-957 -350
107 8
-37 -66
-60 31
-94 92
32 -228
-1 -33
143 -18
58 134
-70 -23
-12 -9
0 -111
-19 11
-34 73
-47 -174
-41 60
43 82
-46 -74
42 66
0 49
-68 -34
-56 6
3 70
29 -251
-12 101
-17 182
-91 40
-153 -22
-20 26
93 -128
-60 109
311 -71
-958 350
107 -10
-60 -33
-38 65
143 16
-2 33
31 227
-94 -94
-41 -63
-47 172
-35 -75
-21 -13
-2 111
-13 8
-70 22
58 -136
311 71
-60 -111
92 127
-20 -28
-154 21
-91 -42
-18 -184
-13 -103
29 250
2 -72
-56 -8
-69 34
-1 -52
42 -68
-47 73
43 -84
-135 -2263
32 8
-749 -408
97 -161
-640 5
83 -210
93 73
-799 25
-429 1190
-52 -71
-242 139
234 548
340 -1146
161 5
-53 -12
58 -571
-480 -144
-96 11
646 122
-412 -198
-388 732
-161 -60
-37 -133
1132 338
477 -681
-3 24
-257 -237
430 -870
164 737
81 75
61 -75
-212 682
1642 3921
45 52
267 -126
-308 -197
689 272
-246 76
197 -107
455 2388
-599 -388
92 172
-35 1
164 671
-597 203
-134 236
126 76
1290 582
1138 -1283
-27 -129
-149 -157
283 329
553 -462
161 124
-147 163
-1506 -1158
25 -68
216 25
249 169
-405 -1551
252 329
73 -136
-70 34
-1674 -1006
-544 314
-39 -76
-58 47
4 -20
147 36
-61 -4
-48 58
51 -90
84 8
-81 29
2 10
13 97
60 52
58 -79
-108 55
91 -26
97 55
26 52
34 -6
-31 -57
-174 57
-80 33
40 -66
-161 -52
-13 58
83 -11
11 22
-107 -12
10 -60
-31 58
75 18
13 -116
-97 781
45 32
178 39
87 -124
-66 36
-14 -119
32 33
-104 46
90 113
78 24
29 106
-44 45
66 2
-3 -49
-37 150
-123 -212
-17 -237
-91 -26
-93 -118
-50 104
70 66
-34 115
-37 -67
-58 45
193 -54
-23 110
31 8
21 -39
-167 43
-70 69
16 -83
0 1
-1064 -708
-67 -110
316 -125
123 220
-133 -47
-76 -73
-219 184
-84 180
570 192
-36 -95
-187 -339
-120 15
263 -2
123 -132
131 -31
-190 -166
-306 330
89 159
-29 437
-5 -135
-65 228
0 103
-51 -134
209 -376
-238 60
-62 17
211 63
-4 -185
-500 -116
-203 -122
-97 51
400 363
-1065 707
-68 108
124 -223
317 124
-85 -182
-219 -187
-77 72
-134 46
-192 165
131 29
123 131
263 1
-121 -17
-187 338
-37 93
570 -195
400 -366
-98 -53
-203 121
-501 114
-5 184
211 -67
-63 -20
-239 -63
210 373
-52 132
-2 -106
-66 -231
-6 133
-31 -439
90 -162
-307 -333
-97 -782
44 -33
87 122
178 -40
-104 -46
31 -34
-14 117
-66 -37
-123 211
-36 -151
-2 47
66 -3
-45 -45
29 -106
77 -25
90 -114
0 -3
15 81
-70 -69
-166 -44
21 38
30 -9
-23 -111
193 52
-57 -46
-36 64
-34 -116
70 -67
-50 -105
-93 116
-90 25
-16 235
-545 -316
-40 75
4 18
-59 -50
50 89
-49 -60
-61 3
147 -38
91 26
-109 -56
59 79
61 -54
13 -99
3 -12
-82 -31
84 -10
14 115
75 -20
-32 -61
10 60
-107 11
10 -24
83 10
-14 -61
-162 50
41 65
-81 -35
-175 -59
-33 56
34 6
25 -54
96 -58
1641 -3923
45 -54
-307 193
266 122
454 -2390
197 104
-245 -78
688 -274
1290 -583
126 -77
-132 -238
-595 -205
164 -673
-33 -4
91 -174
-598 384
-1673 1002
-70 -35
73 132
253 -330
-403 1548
248 -171
215 -28
24 64
-1505 1154
-145 -165
161 -126
552 459
283 -332
-148 154
-26 125
1138 1279
57 -40
-40 37
-57 192
258 -251
-185 12
132 67
244 190
-80 -902
1355 -1315
19 -159
-62 -288
-140 402
295 -238
-16 -75
-54 131
-3155 119
-8 1564
89 7
342 36
-17 -290
790 248
-23 84
133 -76
568 1128
-655 -606
135 214
-9 -54
340 784
-318 -72
-170 494
65 8
3640 498
-146 311
28 -21
-23 32
7 45
47 55
29 28
8 -29
-115 39
48 62
27 25
-14 -52
29 29
-130 47
-78 -83
31 -35
-109 -55
47 -94
-7 2
14 5
-41 -56
71 -11
14 38
-33 34
97 -64
-13 -25
-65 -22
17 82
-20 2
80 -31
36 31
-52 41
5 -6
210 497
-42 -14
-131 -22
60 140
-60 73
-17 38
-1 13
152 -35
48 -94
5 -120
-32 -19
-28 38
-97 -13
173 97
-18 -15
-39 -7
-61 -54
43 83
114 8
86 -91
138 -24
-62 -59
27 33
-145 57
100 -27
6 88
16 13
-145 68
113 57
-220 -123
12 8
-80 -122
-544 511
-6 -18
-46 -37
-292 -102
58 249
35 -13
111 79
217 -182
-37 83
123 135
-153 433
-128 -313
-49 284
-35 141
-41 -72
212 -52
168 -256
-133 -75
115 -220
246 292
-60 -368
-79 -67
-154 57
-289 28
28 75
-84 -49
34 -288
-134 210
29 4
187 -118
108 55
-23 -266
-1943 648
28 -51
54 -62
177 -426
281 756
-160 216
16 -54
228 281
882 -317
-145 -21
-139 77
-630 -82
-301 199
432 -125
-123 -13
-589 228
91 591
15 73
88 -73
395 303
155 -429
-219 -207
-61 62
-247 -745
-513 -27
140 15
68 176
-48 -67
15 154
-580 360
21 43
1029 -232
-656 -623
-119 -57
7 -26
-56 137
-91 -24
-38 43
-91 -23
102 -192
7 67
26 149
-140 44
-166 -44
-55 24
103 -45
-66 -1
351 6
69 100
-8 -3
38 27
110 -91
-20 -27
-25 16
-6 -25
-133 22
-131 151
-25 -230
87 -31
89 10
-21 -41
-27 -101
148 -4
44 -57
-802 -62
-10 -111
5 145
39 -28
-160 26
-3 32
-64 -145
-105 -81
-17 207
85 -76
-67 -23
-11 75
-29 30
31 -80
54 47
-2 -30
59 4
-68 175
6 -58
-69 -49
-21 100
-42 -31
-96 35
116 -115
153 38
-104 -20
70 174
-15 -86
-22 -137
-29 58
-9 -32
115 -92
588 -2720
-48 62
621 -66
-303 -69
-460 1368
-192 -112
136 -228
953 449
-70 -223
-49 0
-171 -100
467 -640
-158 1316
158 -56
171 -82
15 411
-555 539
-17 -81
-321 116
218 403
326 -2210
223 55
-221 -15
315 -417
-425 -287
130 -171
-21 30
-828 -158
-407 -519
44 -71
40 -51
132 235
588 2718
-49 -64
-305 67
621 63
954 -452
136 226
-194 110
-461 -1371
15 -415
171 80
159 54
-159 -1319
467 638
-172 98
-50 -3
-72 221
132 -239
40 49
44 69
-409 517
-830 156
-22 -34
130 169
-426 285
315 415
-222 13
223 -58
326 2208
218 -407
-322 -120
-18 79
-556 -542
-802 60
-9 111
38 26
5 -146
-104 78
-63 144
-3 -33
-159 -27
-1 28
54 -47
30 78
-29 -31
-10 -76
-66 21
85 75
-17 -207
115 90
-8 30
-28 -59
-21 136
-15 84
70 -175
-103 19
152 -38
116 113
-96 -35
-41 29
-20 -101
-68 47
5 56
-67 -176
59 -5
-657 623
-120 57
-57 -139
6 25
102 192
-92 22
-38 -45
-92 24
351 -8
-67 -1
102 44
-55 -26
-167 44
-140 -46
27 -151
6 -69
44 56
149 4
-27 101
-22 41
89 -12
88 31
-26 229
-132 -153
-133 -24
-7 24
-25 -18
-20 27
110 91
38 -29
-9 3
69 -102
-1942 -649
28 49
176 424
53 60
227 -282
16 51
-160 -217
280 -756
-589 -230
-123 10
431 123
-301 -200
-630 79
-138 -80
-144 18
881 314
1029 229
21 -44
-580 -361
15 -155
-48 63
68 -177
139 -17
-513 25
-246 742
-60 -63
-218 204
155 426
394 -305
88 70
15 -75
91 -593
-545 -514
-7 16
-292 99
-47 36
218 181
112 -82
34 12
58 -252
213 51
-42 71
-37 -144
-51 -287
-129 312
-154 -435
123 -138
-37 -86
-25 264
108 -57
187 117
30 -8
-136 -212
34 287
-85 47
28 -78
-291 -31
-156 -59
-80 66
-60 367
246 -295
115 218
-135 73
168 255
209 -498
-42 12
59 -142
-131 21
152 33
0 -14
-17 -38
-60 -74
-38 5
-18 13
172 -98
-98 11
-27 -39
-32 18
4 119
48 92
-80 120
12 -9
-219 122
114 -58
-145 -68
16 -13
5 -89
99 24
-146 -58
26 -33
-62 58
138 22
86 89
114 -9
42 -84
-60 53
-146 -313
28 20
7 -47
-24 -33
-115 -41
7 29
29 -29
47 -57
-110 55
32 35
-79 82
-132 -50
30 -31
-15 50
26 -27
48 -65
4 5
-54 -43
37 -33
80 30
-21 -3
16 -84
-66 21
-13 24
97 63
-34 -36
15 -40
71 10
-42 55
14 -7
-8 -3
46 93
58 36
-38 -40
258 248
-56 -194
-79 898
244 -192
133 -69
-183 -15
-3154 -120
-52 -133
-15 71
295 235
-138 -405
-61 284
19 156
1355 1311
3641 -501
64 -10
-168 -497
-315 68
341 -785
-8 51
136 -217
-653 603
568 -1130
133 72
-21 -86
790 -250
-17 286
342 -38
89 -9
-7 -1566
