-17405 0
-41 0
-118 -89
-118 87
162 3058
-760 -445
-760 443
162 -3062
2534 2732
-573 414
-148 874
-1552 510
-1552 -514
-149 -877
-574 -417
2534 -2736
-1294 -112
-197 522
-75 569
-265 1
-1017 1048
-543 -594
-838 -14
-955 -3178
-955 3174
-838 11
-543 591
-1017 -1051
-266 -6
-75 -572
-198 -526
-1295 108
10 0
-31 0
-130 24
-130 -25
20 278
-23 54
-23 -55
20 -279
332 256
58 -13
48 -16
128 -57
128 55
47 15
58 11
332 -257
-134 -156
-17 26
53 25
-22 90
-2 -98
-20 -37
-15 25
-276 339
-276 -341
-15 -26
-20 36
-3 97
-22 -92
54 -26
-17 -27
-134 155
-32 -230
91 -23
-221 -57
-122 124
-259 -233
-138 89
-102 62
101 -60
8 279
-47 -65
169 56
40 62
127 -183
125 -78
76 48
-43 -347
132 -249
-2 -45
59 102
2 -99
138 398
125 15
20 -35
-91 -71
16 -87
15 51
-64 -150
23 116
4 -21
-71 -90
-90 40
-14 666
-32 228
90 22
-121 -125
-221 55
100 57
-101 -63
-138 -90
-258 230
-43 345
75 -48
124 76
126 180
39 -64
168 -57
-47 63
8 -280
-14 -666
-90 -41
-70 88
3 19
23 -117
-64 148
14 -52
15 84
-91 68
19 33
124 -16
137 -399
1 97
58 -104
-1 43
132 247
-108 3235
-144 29
37 -271
-24 50
-355 152
21 67
-47 206
901 206
901 722
-13 -72
45 100
2 -163
-53 879
-192 -65
-18 -4
-1193 -747
-844 -1632
-64 49
-315 -189
-271 215
-272 -267
-66 71
-36 60
-475 -580
691 -225
-6 250
110 169
-530 415
568 9
177 -213
161 -88
350 80
-803 -428
8 0
16 -78
-5 63
-87 175
-40 -16
-16 73
53 -35
126 92
-58 -42
26 -51
55 39
4 -157
-90 57
-30 9
355 -234
102 173
48 10
6 195
-68 -69
67 100
59 -84
-42 -96
-36 -18
-202 0
-53 18
-59 -37
-140 -143
-157 22
81 -92
-19 11
-145 96
-803 428
9 -1
-5 -64
16 77
52 34
-16 -75
-41 15
-87 -177
356 233
-31 -11
-91 -59
4 156
55 -40
26 50
-58 41
126 -93
-146 -98
-19 -13
81 91
-158 -23
-141 142
-60 36
-54 -20
-203 -2
-37 18
-42 95
59 83
67 -102
-68 69
7 -197
48 -12
103 -175
-107 -3236
-143 -30
-23 -51
36 268
900 -208
-46 -208
20 -69
-354 -154
-1191 743
-18 2
-192 62
-52 -882
2 160
45 -102
-13 69
901 -724
350 -82
161 85
176 210
568 -11
-529 -417
109 -170
-5 -251
691 222
-475 578
-35 -62
-65 -73
-272 263
-269 -217
-314 186
-63 -51
-843 1628
2173 92
-72 -134
-247 -84
-120 -38
-130 -221
21 108
97 7
-144 582
-92 -1859
240 202
93 132
555 860
312 -48
-31 -58
175 28
-1220 -2343
1352 911
-47 -25
61 -45
-446 -334
974 946
80 80
185 153
298 -242
-687 174
-33 131
16 86
-25 45
-1 -356
-2 117
-178 45
-1141 4144
-418 403
61 -40
4 85
-44 -20
72 43
29 -8
-82 -17
-192 -55
287 -193
-77 -24
-25 30
-130 35
129 -79
-141 -109
-92 56
-143 8
-95 169
-25 -7
-35 -1
43 23
-107 204
34 17
-23 -26
108 -62
-113 98
-20 89
137 35
104 -35
-76 -87
75 53
52 29
67 -229
-66 727
12 -40
128 21
-183 52
4 80
-39 133
86 -5
-102 -50
98 -63
21 8
-49 31
98 159
-64 207
17 42
-37 12
-128 -174
-9 -57
13 22
-104 -135
-72 53
-16 -87
-7 43
-68 -30
-95 57
179 -16
-53 -64
60 137
24 -65
68 -14
109 -208
12 70
-29 -3
254 617
172 -45
-96 -50
438 -256
193 294
20 -125
-31 69
709 -221
-208 564
-50 -39
16 -94
-47 131
-178 -42
-287 134
-152 -54
-98 649
-840 -821
-81 122
-80 264
-428 -177
-231 -194
-123 -78
-45 -111
-274 -501
308 138
42 -36
85 3
-379 133
146 -14
216 183
-50 84
-228 -819
254 -619
173 44
439 255
-96 48
709 220
-31 -71
21 123
193 -297
-99 -651
-153 52
-288 -137
-179 40
-48 -133
16 93
-51 37
-210 -567
-229 818
-50 -87
216 -186
146 12
-381 -136
85 -5
42 36
309 -140
-275 500
-46 110
-124 76
-233 193
-429 175
-82 -267
-82 -125
-841 819
-66 -728
12 39
-183 -52
128 -22
-102 48
86 3
-39 -135
4 -80
-128 173
-37 -13
16 -43
-64 -208
98 -160
-48 -31
20 -8
97 61
-28 2
11 -71
108 207
68 11
23 62
59 -138
-52 63
179 14
-95 -57
-68 29
-6 -43
-16 87
-71 -55
-104 133
12 -22
-8 56
-419 -404
61 38
-45 18
4 -87
-192 55
-83 16
28 7
72 -44
-144 -10
-92 -57
-142 108
129 78
-131 -37
-27 -31
-78 22
286 192
68 228
53 -31
75 -55
-77 85
103 34
137 -36
-20 -90
-113 -100
108 60
-24 25
34 -18
-108 -205
44 -25
-36 -1
-27 6
-96 -170
2172 -93
-71 130
-119 34
-246 81
-143 -583
97 -10
20 -110
-129 218
-1219 2340
176 -29
-29 55
312 45
555 -862
93 -134
240 -205
-91 1855
-1139 -4147
-176 -47
-1 -119
0 352
-25 -48
16 -88
-32 -133
-685 -176
298 238
185 -154
80 -82
974 -948
-445 330
60 41
-46 22
1352 -912
-351 224
142 -29
247 87
85 -196
228 -926
15 21
144 -116
-894 186
-1251 -117
-120 -23
-41 -266
181 -246
104 799
14 302
-29 307
504 2081
1613 2168
280 -71
168 66
363 52
-607 -151
26 88
85 58
162 521
1781 -1002
106 36
72 -53
-176 366
45 -222
-156 208
-100 37
836 -2343
-339 458
11 29
22 66
14 139
120 -73
-42 97
8 121
-125 78
-5 -5
4 -25
29 29
-90 -20
-82 0
14 23
-8 -55
-425 -134
60 -201
20 24
-10 -138
31 -101
-79 -42
-32 -37
39 -50
250 -40
78 195
11 -51
-54 -5
15 38
60 93
-9 -78
-58 32
358 -43
-49 739
-64 57
-2 72
97 -8
134 228
98 -44
6 48
-97 -38
318 97
-21 36
52 -209
-106 -92
-63 -95
-32 -19
51 33
104 -40
-98 -318
22 -12
95 38
37 -74
150 -158
-191 -46
21 -25
-129 180
-213 -105
82 45
-78 120
43 136
-95 111
11 183
-20 -70
57 -305
-1512 348
-127 100
8 277
56 208
-91 -211
-6 205
-20 69
-216 135
354 -674
-139 -14
-45 -42
-203 -328
210 4
-40 -311
119 -23
-921 -329
344 520
77 -10
39 -257
232 69
-261 209
96 -50
-63 45
617 82
-37 436
45 -32
-47 100
-39 26
-28 -96
-213 80
24 -147
1163 -252
-980 1348
38 94
-528 97
318 -20
-174 323
-34 36
70 27
-893 -246
1248 -974
25 63
221 -76
-350 336
158 -422
-80 -75
-73 -116
248 242
-868 1030
9 72
125 447
-5 5
181 578
-130 70
-224 129
77 555
-229 294
-43 -151
14 -71
415 -573
37 -246
-180 40
-31 6
47 -1573
-676 -844
0 1
102 13
-95 -43
-58 -127
-102 -58
-11 2
118 -130
-176 78
24 67
-162 139
-9 -115
-75 190
40 -102
-10 -70
34 -16
104 180
-49 -33
-16 -164
27 118
-181 -120
89 90
-5 -9
40 -82
70 218
-20 -86
10 -21
-19 -6
41 -42
15 -34
7 2
241 158
-768 -118
-73 10
122 32
60 8
34 -48
1 1
27 72
-82 8
143 -256
61 41
124 17
-227 -112
29 -51
9 31
-3 -88
-150 -150
5 299
-20 65
-105 15
97 27
-106 108
-60 -59
-20 60
247 -127
-95 352
-68 -76
-173 -45
9 -7
-129 -7
-56 -34
13 -51
133 -32
-1974 -4914
-30 -14
-118 -192
261 -107
-742 -143
-60 -117
-133 -194
733 -175
634 -711
-41 -74
-11 -23
-83 266
-129 516
130 7
95 -51
-142 -1572
1064 2336
-17 -266
23 -52
-649 -673
173 -323
143 -42
73 -28
276 138
-1003 -256
-62 79
-222 6
288 426
283 -176
226 137
109 95
1195 2810
-1975 4912
-32 12
262 105
-118 190
733 174
-134 192
-62 115
-743 140
-144 1570
95 49
131 -9
-131 -519
-84 -270
-11 21
-41 72
634 709
1196 -2813
109 -99
227 -141
282 174
288 -430
-223 -9
-63 -82
-1005 254
276 -141
73 25
143 40
174 321
-651 672
22 51
-19 265
1064 -2339
-767 116
-73 -11
60 -9
123 -32
-81 -9
26 -72
0 -2
34 46
-150 149
-2 86
9 -32
28 49
-227 110
124 -18
62 -41
143 253
134 30
13 49
-54 32
-128 5
9 5
-172 43
-67 75
-95 -353
247 125
-19 -62
-59 57
-104 -109
96 -28
-105 -15
-19 -66
6 -300
-677 844
-1 -3
-96 42
103 -14
118 129
-13 -3
-103 58
-58 126
33 16
-10 68
41 101
-75 -192
-10 114
-163 -141
24 -68
-177 -80
242 -161
7 -4
16 33
41 41
-20 5
10 20
-20 85
71 -219
40 82
-5 9
90 -92
-181 119
27 -120
-17 164
-50 32
105 -180
-980 -1349
38 -95
317 18
-527 -97
-892 243
69 -28
-33 -38
-172 -324
247 -243
-71 113
-79 73
158 418
-349 -337
220 73
24 -65
1247 970
47 1569
-30 -8
-178 -42
36 243
415 570
14 69
-41 148
-229 -295
76 -556
-223 -130
-128 -72
181 -580
-4 -6
125 -448
9 -74
-867 -1031
-1513 -350
-128 -103
57 -210
9 -281
-217 -138
-21 -72
-7 -208
-91 208
-922 329
118 21
-40 310
211 -6
-204 327
-46 41
-140 12
354 672
1164 250
24 145
-214 -83
-29 95
-40 -29
-48 -103
45 31
-38 -439
617 -85
-64 -48
96 48
-261 -211
232 -72
40 256
78 9
344 -523
-48 -740
-65 -58
97 6
-1 -74
-97 36
6 -50
97 41
134 -230
104 39
50 -34
-32 17
-62 95
-105 90
51 208
-21 -38
317 -98
57 303
-19 68
11 -184
-94 -112
42 -137
-78 -122
81 -46
-213 103
-128 -181
20 23
-191 44
150 156
36 72
94 -38
22 9
-98 316
-339 -460
11 -31
14 -141
21 -68
-126 -79
8 -124
-43 -99
120 72
-426 133
-10 55
15 -25
-83 -1
-91 18
30 -31
4 24
-6 3
358 42
-58 -33
-10 78
60 -95
15 -39
-54 4
11 50
78 -198
250 40
39 49
-32 36
-78 41
30 100
-12 137
20 -26
59 201
-350 -227
141 26
84 192
247 -89
-893 -188
143 112
15 -24
229 922
505 -2084
-28 -310
14 -304
105 -801
181 242
-39 262
-119 20
-1250 113
837 2340
-98 -39
-154 -211
45 218
-174 -368
73 49
106 -39
1781 998
162 -523
86 -60
27 -91
-605 148
362 -55
168 -69
279 67
1613 -2169
