-20279 0
131 0
103 68
103 -71
-212 249
-848 -419
-849 416
-212 -254
2337 1911
-458 154
-350 317
-1734 197
-1734 -201
-349 -320
-458 -157
2337 -1914
15 795
-327 512
341 401
-360 -230
-1331 1725
-690 -1083
-803 -269
27 -5372
27 5369
-803 265
-691 1080
-1331 -1728
-360 226
341 -404
-327 -515
16 -799
-171 0
20 0
40 15
40 -17
0 34
-10 -24
-10 22
0 -36
8 -153
53 7
78 22
-23 -20
-22 19
79 -23
54 -8
8 152
107 141
-45 22
-65 -4
-20 20
44 -41
-41 50
-9 21
-52 -51
-52 51
-10 -23
-41 -52
43 40
-20 -21
-65 2
-44 -23
107 -142
123 -389
92 35
40 114
17 92
192 147
3 -58
75 68
206 -37
368 142
43 45
91 16
-100 -82
89 61
-78 -48
20 -52
-369 -47
-385 101
-84 -67
-21 -72
77 -117
-127 -99
39 41
-2 -1
56 -138
-267 -187
-13 22
-144 -47
-102 211
-80 -81
20 24
-72 21
274 370
122 388
91 -36
17 -93
39 -115
205 35
74 -69
3 56
192 -148
-369 45
20 50
-78 46
88 -62
-100 80
90 -17
42 -46
367 -143
274 -372
-72 -22
19 -26
-80 79
-101 -212
-144 45
-13 -23
-267 185
56 136
-1 0
38 -42
-128 97
76 115
-21 69
-84 65
-385 -102
-161 2055
76 -109
-226 -210
408 -91
207 219
-75 205
-184 206
-327 141
565 569
-56 26
544 -409
-242 -180
895 557
-179 -27
-54 4
-537 -592
-390 -583
-36 90
-80 796
-78 53
-649 182
18 -219
112 101
243 -280
333 -424
50 97
-157 -11
-110 341
-305 -516
-263 222
-70 53
-331 183
-929 -134
-29 11
21 19
78 -152
-37 47
65 -55
-7 -107
47 -127
-78 27
-6 28
-74 50
85 -109
-159 -68
57 6
8 8
199 8
238 5
-23 -11
7 -58
-165 134
21 11
-127 -58
-99 29
-8 -102
-63 223
-65 3
8 86
-103 -1
17 49
-4 46
36 -51
45 -205
-930 134
-30 -12
78 151
21 -21
47 127
-8 107
66 54
-38 -49
199 -10
8 -10
58 -8
-161 67
85 108
-75 -52
-6 -29
-79 -28
45 205
36 50
-4 -48
17 -52
-103 1
9 -87
-65 -5
-65 -225
-8 101
-100 -31
-128 57
21 -13
-165 -136
7 57
-23 10
238 -7
-161 -2056
75 107
407 88
-226 207
-327 -143
-184 -207
-74 -207
207 -220
-536 589
-54 -5
-178 24
894 -559
-241 176
544 406
-55 -28
564 -570
-331 -185
-70 -55
-262 -223
-304 512
-109 -342
-156 9
50 -98
332 421
243 277
112 -103
18 216
-648 -184
-76 -54
-80 -798
-34 -92
-389 581
2307 2698
-127 -130
-568 138
139 353
697 201
25 -122
116 338
731 58
880 -982
-108 85
-450 314
16 34
-712 -1576
-256 -82
226 -171
-585 -1077
-155 -432
176 20
973 -474
161 -497
1144 769
-26 262
-77 238
-401 479
-1087 -52
245 203
198 -436
-753 760
266 1095
-20 121
-72 201
-885 719
-641 486
-60 -54
-74 -4
41 0
61 30
-92 50
2 61
10 -20
-42 -37
47 47
23 26
5 63
-53 37
32 -39
28 24
72 22
253 -50
-11 79
50 26
-59 -16
-29 22
-10 21
-62 1
-133 -112
50 148
-2 -92
-32 -32
-68 -39
45 -6
-51 -9
16 -25
47 -223
-89 414
-37 -50
-12 -68
55 -81
243 -26
-7 59
-33 -27
-58 -52
343 -244
-57 61
6 42
-186 -86
-64 23
-44 -34
-49 -46
-264 -27
-163 204
41 -7
-5 -1
62 53
-37 35
-29 -32
10 94
-36 -125
-146 160
42 2
65 22
61 219
68 89
-43 109
43 69
128 93
-610 454
-119 97
5 40
180 40
147 -20
3 281
-57 2
-61 -82
-322 413
92 -57
-142 149
-286 -18
-204 262
-188 -232
-93 138
419 -104
136 -649
48 34
1 -150
65 -150
-224 -206
226 -192
-23 -116
-7 -143
153 318
-273 -119
75 43
83 -4
152 -61
-121 216
99 -173
-462 -304
-611 -456
-119 -100
181 -42
5 -41
-63 80
-58 -4
3 -283
147 18
420 102
-95 -141
-189 230
-205 -265
-287 16
-143 -151
93 55
-323 -416
-463 303
100 172
-122 -219
152 59
84 2
75 -46
-273 117
154 -320
-8 141
-24 115
226 191
-225 205
65 149
2 148
48 -37
137 648
-88 -414
-36 48
55 80
-12 67
-59 50
-33 26
-7 -59
242 24
-262 26
-49 43
-44 32
-64 -24
-185 84
6 -43
-56 -62
343 242
127 -93
43 -69
-43 -111
67 -90
61 -220
65 -23
42 -3
-145 -160
-36 123
9 -94
-29 32
-36 -35
61 -53
-4 0
40 5
-162 -205
-642 -488
-60 53
40 -2
-75 4
11 19
2 -62
-93 -52
60 -32
72 -24
28 -26
33 37
-52 -39
5 -65
24 -28
47 -49
-44 35
47 222
16 24
-51 9
45 5
-69 38
-33 30
-3 91
50 -150
-134 111
-63 -3
-10 -22
-30 -24
-60 15
50 -29
-12 -81
253 49
2306 -2700
-126 127
139 -354
-567 -139
731 -60
116 -339
25 119
696 -203
-584 1074
225 167
-254 78
-710 1573
16 -36
-449 -317
-107 -87
879 978
-883 -721
-71 -203
-18 -123
266 -1097
-752 -762
198 432
246 -206
-1085 49
-400 -481
-76 -240
-24 -264
1143 -771
161 493
972 470
176 -22
-154 429
167 735
-87 186
723 -18
-655 -384
-1004 1407
270 305
8 -201
-598 76
-806 1133
-56 162
157 -208
-73 -73
1789 1288
433 -47
35 287
-701 834
1163 308
254 -250
-588 244
612 723
-425 -961
-310 211
26 -17
-374 665
1749 -3047
24 -192
427 155
614 -53
-1084 -880
-52 77
43 -92
1793 -526
-36 268
55 -1
2 -56
-2 24
48 54
-8 24
-24 38
-61 -1
45 40
-37 54
-18 -24
-60 26
13 64
-32 0
-94 15
26 -162
-26 -57
-23 -61
1 46
38 -27
-45 -31
0 -29
52 -52
-17 37
44 -16
22 6
35 31
7 -4
1 14
-7 0
12 42
-122 60
-93 849
51 -1
-49 42
-11 119
-175 28
-129 -4
9 103
-157 -30
-283 -28
-10 -52
-54 50
148 115
-136 6
-18 93
-22 86
168 9
404 -264
-12 34
61 -69
-91 -32
229 14
82 22
18 -107
-78 190
270 -23
75 49
50 -38
-8 -90
81 0
-4 -178
-37 -16
-154 -407
-795 -254
-47 -143
-116 49
23 274
-45 1
-242 58
152 56
-30 -7
484 -120
0 100
167 -4
126 86
84 -155
100 58
-13 -73
-239 -12
-93 483
-22 68
27 53
-75 -131
-3 289
75 33
-111 16
75 -91
-219 -30
107 -161
-232 -38
-142 -96
-31 -48
-118 -289
57 116
474 51
-1918 1523
-47 -30
-144 567
-170 -123
-294 167
-88 128
278 344
-430 -55
-229 -101
22 130
-314 -23
104 274
-161 -220
68 155
-159 142
263 6
909 -78
10 30
570 -374
-140 178
376 299
-166 -84
-95 -321
-205 -37
398 210
-38 -128
-194 125
55 -371
-185 -106
108 -190
57 0
172 -783
-504 -1055
24 27
27 3
-65 87
-145 -10
-24 -49
-64 14
-14 -1
176 186
-35 -27
61 39
17 -58
81 -53
85 72
68 -31
-70 -122
-248 289
-11 8
-74 38
22 2
-106 89
-32 -50
-24 -3
235 -76
-84 -31
1 -8
-60 -73
-35 -117
-79 -58
5 -155
-66 -48
241 320
-795 62
-13 6
-61 -17
-28 -39
-162 87
12 -31
-14 -7
-71 -39
-70 258
-66 29
-165 69
84 1
-103 -53
-33 25
-36 80
152 -237
153 -122
6 -30
103 -37
-74 53
29 71
-50 -69
-86 -81
68 16
143 1
-16 31
85 48
-118 -134
44 51
63 -25
45 -39
-41 -43
-145 -3329
177 -155
-72 -198
319 365
-501 229
20 145
-179 31
741 557
152 -571
-209 -12
-77 0
-770 -729
224 -472
371 -320
325 -38
-35 860
-82 1374
-54 3
3 300
710 -247
159 31
115 -161
-128 -125
336 -1031
-714 -178
130 -207
90 -344
9 309
-220 50
-692 213
-192 79
475 278
-147 3328
178 153
320 -369
-73 196
742 -561
-180 -35
21 -148
-502 -233
-36 -865
325 36
371 319
224 471
-772 727
-78 -2
-210 9
153 570
476 -281
-193 -82
-694 -217
-222 -54
8 -313
90 342
130 205
-716 176
336 1029
-129 124
116 160
159 -34
710 245
3 -303
-56 -6
-83 -1376
-795 -62
-12 -6
-27 36
-60 15
-70 37
-14 5
13 29
-161 -88
152 234
-35 -81
-32 -25
-102 52
83 -2
-165 -70
-65 -30
-69 -258
-39 41
44 38
62 23
43 -52
-118 131
86 -49
-15 -32
142 -2
68 -17
-85 80
-49 68
29 -72
-73 -54
102 35
6 28
153 120
-504 1054
25 -29
-65 -89
27 -5
-15 0
-65 -15
-24 49
-146 9
-71 121
69 31
85 -72
82 52
17 58
62 -41
-36 26
177 -188
241 -322
-67 47
4 154
-79 57
-37 116
-61 73
1 7
-85 31
235 75
-25 3
-32 49
-107 -90
23 -3
-75 -39
-12 -10
-248 -291
-1917 -1525
-45 28
-169 120
-144 -569
-429 52
277 -344
-87 -129
-292 -168
263 -8
-158 -142
68 -156
-160 218
103 -275
-314 21
23 -131
-228 99
171 780
57 -2
107 188
-183 104
54 368
-194 -126
-38 125
398 -212
-205 34
-94 319
-165 82
375 -300
-139 -179
569 371
10 -32
909 76
-795 252
-47 142
25 -277
-117 -52
-30 6
152 -59
-244 -61
-45 -3
-239 11
-13 71
100 -61
85 155
125 -90
166 1
1 -103
485 118
475 -53
57 -119
-119 287
-32 46
-144 94
-232 37
107 160
-220 28
76 90
-112 -19
75 -36
-3 -292
-76 130
27 -56
-23 -72
-94 -486
-92 -850
51 0
-10 -120
-49 -44
-156 29
9 -104
-129 1
-174 -29
168 -10
-21 -87
-18 -94
-136 -6
147 -117
-54 -51
-9 50
-283 26
-153 406
-36 14
-4 177
80 -1
-8 88
49 37
74 -49
269 21
-77 -191
17 105
81 -22
229 -15
-91 31
61 68
-12 -36
403 262
-37 -270
55 0
-2 -26
2 54
-61 0
-25 -39
-9 -25
48 -55
27 161
-95 -17
-32 -2
13 -66
-61 -29
-20 23
-37 -55
45 -43
-123 -62
12 -44
-8 -2
2 -16
7 2
34 -33
21 -9
44 14
-17 -38
53 50
0 28
-46 31
38 27
1 -47
-24 59
-27 57
166 -738
-86 -188
-654 381
723 14
-596 -79
8 198
270 -307
-1002 -1408
-699 -837
36 -289
433 43
1789 -1290
-72 69
158 204
-54 -164
-804 -1135
1794 523
43 87
-50 -80
-1082 876
614 48
427 -158
24 187
1748 3043
-372 -667
27 12
-308 -213
-424 958
612 -725
-587 -246
254 245
1163 -310
