-32768
-32768
-32768
-32768
-32768
-32768
-32768
-32768
-32768
-32768
-32768
-32768
-32768
-32768
-32768
-32768
-32768
-32768
-32768
-32768
-32768
-32768
-32768
-32768
-32768
-32768
-32768
-32768
0
0
0
0
-32768
-32768
-32768
-32768
-32768
-32768
-32768
-32768
-32768
-32768
-32768
-32768
-32768
-32768
-32768
-32768
-32768
-32768
-32768
-32768
-32768
-32768
-32768
-32768
-32768
-32768
-32768
-32768
0
0
0
0
-32768
-32768
-32768
-32768
-32768
-32768
-32768
-32768
-32768
-32768
-32768
-32768
-32768
-32768
-32768
-32768
-32768
-32768
-32768
-32768
-32768
-32768
-32768
-32768
-32768
-32768
-32768
-32768
0
0
0
0
-32768
-32768
-32768
-32768
-32768
-32768
-32768
-32768
-32768
-32768
-32768
-32768
-32768
-32768
-32768
-32768
-32768
-32768
-32768
-32768
-32768
-32768
-32768
-32768
-32768
-32768
-32768
-32768
0
0
0
0
-32768
-32768
-32768
-32768
-32768
-32768
-32768
-32768
-32768
-32768
-32768
-32768
-32768
-32768
-32768
-32768
-32768
-32768
-32768
-32768
-32768
-32768
-32768
-32768
-32768
-32768
-32768
-32768
0
0
0
0
-32768
-32768
-32768
-32768
-32768
-32768
-32768
-32768
-32768
-32768
-19968
24576
-32768
-32768
-32768
-32768
-32768
-32768
-32768
-14848
-25344
-32768
-32768
-32768
-32768
-32768
-32768
-32768
0
0
0
0
-32768
-32768
-32768
-32768
-32768
-32768
-32768
-32768
-32768
-32768
-1792
26368
-32768
-32768
-32768
-32768
-32768
-32768
-32768
5120
10240
-32768
-32768
-32768
-32768
-32768
-32768
-32768
0
0
0
0
-32768
-32768
-32768
-32768
-32768
-32768
-32768
-32768
-32768
-31744
17152
26368
-32768
-32768
-32768
-32768
-32768
-32768
-32768
-8192
20992
-29952
-32768
-32768
-32768
-32768
-32768
-32768
0
0
0
0
-32768
-32768
-32768
-32768
-32768
-32768
-32768
-32768
-32768
-15104
31744
1536
-32768
-32768
-32768
-32768
-32768
-32768
-32768
-3584
31744
-27392
-32768
-32768
-32768
-32768
-32768
-32768
0
0
0
0
-32768
-32768
-32768
-32768
-32768
-32768
-32768
-32768
-21248
27648
22784
-29696
-32768
-32768
-32768
-32768
-32768
-32768
-32768
16384
31744
-27392
-32768
-32768
-32768
-32768
-32768
-32768
0
0
0
0
-32768
-32768
-32768
-32768
-32768
-32768
-32768
-32768
10240
30464
-19200
-32768
-32768
-32768
-32768
-32768
-32768
-32768
-28160
32512
32000
-27392
-32768
-32768
-32768
-32768
-32768
-32768
0
0
0
0
-32768
-32768
-32768
-32768
-32768
-32768
-32768
-11264
29184
21248
-32768
-32768
-32768
-32768
-32768
-32768
-32768
-32768
3328
32000
15616
-31488
-32768
-32768
-32768
-32768
-32768
-32768
0
0
0
0
-32768
-32768
-32768
-32768
-32768
-32768
-32768
10496
31744
-5632
-32768
-32768
-32768
-32768
-32768
-32768
-32768
-24576
26624
31232
-15872
-32768
-32768
-32768
-32768
-32768
-32768
-32768
0
0
0
0
-32768
-32768
-32768
-32768
-32768
-32768
-28928
24832
31744
-32768
-32768
-32768
-32768
-32768
-32768
-32768
-32768
1536
31744
21248
-32768
-32768
-32768
-32768
-32768
-32768
-32768
-32768
0
0
0
0
-32768
-32768
-32768
-32768
-32768
-32768
-27136
31744
9216
-32768
-32768
-32768
-32768
-32768
-32768
-32768
-32768
10496
31744
9984
-32768
-32768
-32768
-32768
-32768
-32768
-32768
-32768
0
0
0
0
-32768
-32768
-32768
-32768
-32768
-32768
-30464
19456
20736
-28160
-32768
-32768
-32768
-32768
-32768
-32768
-27136
32000
32000
-5376
-32768
-32768
-32768
-32768
-32768
-32768
-32768
-32768
0
0
0
0
-32768
-32768
-32768
-32768
-32768
-32768
-32768
10496
31744
18176
-11008
-11008
-11008
-11008
256
9216
17152
31744
31744
-5632
-32768
-32768
-32768
-32768
-32768
-32768
-32768
-32768
0
0
0
0
-32768
-32768
-32768
-32768
-32768
-32768
-32768
-22272
10752
29952
31744
31744
31744
31744
26624
26368
31488
31744
31744
-30464
-32768
-32768
-32768
-32768
-32768
-32768
-32768
-32768
0
0
0
0
-32768
-32768
-32768
-32768
-32768
-32768
-32768
-32768
-32768
-20224
-11264
-11264
-11264
-11264
-32768
-32768
8448
31744
31744
-32768
-32768
-32768
-32768
-32768
-32768
-32768
-32768
-32768
0
0
0
0
-32768
-32768
-32768
-32768
-32768
-32768
-32768
-32768
-32768
-32768
-32768
-32768
-32768
-32768
-32768
-32768
-256
31744
31744
-21248
-32768
-32768
-32768
-32768
-32768
-32768
-32768
-32768
0
0
0
0
-32768
-32768
-32768
-32768
-32768
-32768
-32768
-32768
-32768
-32768
-32768
-32768
-32768
-32768
-32768
-32768
0
32000
32000
-32768
-32768
-32768
-32768
-32768
-32768
-32768
-32768
-32768
0
0
0
0
-32768
-32768
-32768
-32768
-32768
-32768
-32768
-32768
-32768
-32768
-32768
-32768
-32768
-32768
-32768
-32768
-256
31744
31744
-32768
-32768
-32768
-32768
-32768
-32768
-32768
-32768
-32768
0
0
0
0
-32768
-32768
-32768
-32768
-32768
-32768
-32768
-32768
-32768
-32768
-32768
-32768
-32768
-32768
-32768
-32768
1792
31744
29696
-32768
-32768
-32768
-32768
-32768
-32768
-32768
-32768
-32768
0
0
0
0
-32768
-32768
-32768
-32768
-32768
-32768
-32768
-32768
-32768
-32768
-32768
-32768
-32768
-32768
-32768
-32768
26624
27648
-4352
-32768
-32768
-32768
-32768
-32768
-32768
-32768
-32768
-32768
0
0
0
0
-32768
-32768
-32768
-32768
-32768
-32768
-32768
-32768
-32768
-32768
-32768
-32768
-32768
-32768
-32768
-32768
13056
-15872
-32768
-32768
-32768
-32768
-32768
-32768
-32768
-32768
-32768
-32768
0
0
0
0
-32768
-32768
-32768
-32768
-32768
-32768
-32768
-32768
-32768
-32768
-32768
-32768
-32768
-32768
-32768
-32768
-32768
-32768
-32768
-32768
-32768
-32768
-32768
-32768
-32768
-32768
-32768
-32768
0
0
0
0
-32768
-32768
-32768
-32768
-32768
-32768
-32768
-32768
-32768
-32768
-32768
-32768
-32768
-32768
-32768
-32768
-32768
-32768
-32768
-32768
-32768
-32768
-32768
-32768
-32768
-32768
-32768
-32768
0
0
0
0
-32768
-32768
-32768
-32768
-32768
-32768
-32768
-32768
-32768
-32768
-32768
-32768
-32768
-32768
-32768
-32768
-32768
-32768
-32768
-32768
-32768
-32768
-32768
-32768
-32768
-32768
-32768
-32768
0
0
0
0
0
0
0
0
0
0
0
0
0
0
0
0
0
0
0
0
0
0
0
0
0
0
0
0
0
0
0
0
0
0
0
0
0
0
0
0
0
0
0
0
0
0
0
0
0
0
0
0
0
0
0
0
0
0
0
0
0
0
0
0
0
0
0
0
0
0
0
0
0
0
0
0
0
0
0
0
0
0
0
0
0
0
0
0
0
0
0
0
0
0
0
0
0
0
0
0
0
0
0
0
0
0
0
0
0
0
0
0
0
0
0
0
0
0
0
0
0
0
0
0
0
0
0
0
0
0
0
0
