-21625 0
-57 0
267 -239
267 236
-826 3008
-978 -390
-978 388
-825 -3011
3826 4318
-570 319
-123 805
-1175 116
-1175 -120
-122 -807
-571 -323
3825 -4321
31 590
-120 337
-55 458
-695 -259
-1169 995
-524 -677
-816 -105
-596 -1354
-596 1350
-815 101
-525 675
-1169 -999
-696 255
-55 -461
-120 -340
31 -594
-6 0
57 0
-4 10
-4 -12
-12 19
23 -48
23 47
-12 -21
0 0
36 -13
28 41
-32 -19
-32 17
29 -42
36 11
0 0
2 2
-52 1
-18 -24
23 10
24 -25
-29 52
-26 -32
1 9
1 -11
-26 30
-29 -53
24 23
22 -11
-18 23
-52 -2
2 -3
-110 60
-32 81
10 54
95 -7
-34 14
47 -9
-48 83
32 -201
-144 9
-18 72
5 66
-14 -126
10 62
148 -26
-66 67
39 -49
154 -42
22 -88
-15 -55
-29 49
-1 -45
-107 32
66 -76
-61 143
90 3
-3 -35
18 -81
7 190
-10 -63
-147 5
48 -69
28 -31
-110 -61
-32 -81
94 4
10 -56
31 199
-48 -84
47 7
-34 -15
38 47
-66 -68
148 24
9 -64
-14 123
4 -67
-17 -73
-143 -10
28 29
47 67
-147 -7
-10 61
6 -191
17 78
-4 33
89 -4
-61 -144
66 74
-107 -34
-1 43
-28 -50
-14 53
21 86
153 40
-736 2469
-118 -121
12 -180
-44 75
493 21
-50 50
-178 179
-306 -79
442 -36
74 44
46 -90
-314 141
211 23
-33 -79
-383 45
55 -106
141 -403
8 105
48 200
159 -57
-288 256
-99 85
254 -23
-337 -118
2 179
-72 61
104 82
84 115
-133 155
-65 -23
227 87
-264 -609
-854 -404
-26 18
-51 -53
20 -10
-27 73
-36 22
-92 28
1 -47
103 104
-18 47
-52 4
-3 1
-81 -26
-10 -21
-79 7
98 -64
16 135
-7 -20
38 60
-55 -8
-61 14
7 -66
35 -51
60 -127
-102 104
-36 -63
7 7
-53 -103
36 26
9 -4
48 -33
120 5
-854 404
-27 -20
20 9
-52 52
2 45
-92 -30
-36 -23
-28 -75
98 63
-80 -8
-10 20
-82 25
-3 -3
-52 -6
-19 -48
103 -106
120 -7
48 33
10 4
37 -28
-53 102
8 -8
-36 62
-102 -105
60 126
34 49
7 66
-62 -16
-57 6
38 -62
-7 20
16 -137
-735 -2470
-118 118
-44 -77
11 177
-305 75
-177 -181
-49 -51
492 -23
54 103
-383 -46
-32 76
210 -25
-313 -142
46 87
73 -45
441 33
-264 606
226 -88
-64 20
-131 -157
84 -117
104 -83
-71 -64
2 -180
-336 116
253 19
-99 -86
-288 -258
158 53
48 -203
8 -106
140 400
1390 2516
51 17
-835 -253
-31 -245
-719 1502
22 151
169 116
-229 386
69 408
40 71
100 -169
271 -124
-1564 791
-112 86
52 42
-1101 -2
79 -633
42 -52
341 235
-45 372
1738 -1219
-36 69
13 97
91 10
716 -1597
99 62
23 -1
-207 282
1400 -24
17 109
-94 67
271 -17
-586 400
-20 -35
25 5
-39 -23
40 68
-77 27
25 -37
-50 -8
46 45
-30 5
34 -34
-27 3
31 51
-87 -10
-9 -37
-25 -36
135 -38
21 35
-12 31
6 29
-64 20
45 -27
-49 54
-24 -105
46 50
15 1
-41 86
-50 -15
-55 -24
57 2
2 30
81 -129
-107 840
12 -9
-1 9
-36 -45
94 68
29 22
78 40
-78 88
124 40
64 -28
41 -16
-11 41
35 57
-57 -10
28 63
-65 13
25 -175
-24 46
14 9
13 44
-17 26
-30 7
-76 -16
-75 -108
54 -44
-70 52
-34 39
-43 -17
-26 -8
35 27
-28 -27
-59 -189
-1039 13
-21 268
-22 14
-76 28
49 -56
-11 88
4 66
-67 -61
46 193
-18 177
-94 -12
-157 22
111 -61
-30 21
31 241
205 35
103 -81
5 -205
88 32
69 -36
-242 165
-21 -127
-114 -185
3 -201
-43 199
-70 -141
-15 49
46 -104
-106 -15
63 -53
-13 -311
31 -259
-1040 -15
-22 -271
-76 -30
-23 -17
-68 59
4 -69
-12 -91
49 55
206 -38
31 -243
-32 -24
111 60
-158 -25
-96 11
-19 -180
47 -195
30 258
-14 310
63 52
-107 13
46 103
-15 -51
-70 140
-43 -202
3 199
-114 183
-22 125
-244 -169
70 34
88 -36
5 203
103 79
-107 -841
11 7
-36 44
-1 -11
-78 -89
77 -40
28 -23
94 -69
-63 -14
27 -64
-57 8
35 -58
-11 -42
40 15
63 25
124 -40
-59 187
-28 25
35 -27
-26 6
-42 15
-34 -39
-69 -53
54 42
-75 107
-75 15
-30 -8
-17 -28
13 -45
13 -10
-23 -47
24 174
-587 -401
-22 34
-40 22
26 -7
-50 7
25 36
-77 -29
41 -69
-26 35
-10 36
-88 10
32 -53
-28 -6
33 33
-31 -7
46 -46
81 128
3 -32
57 -3
-56 23
-51 14
-41 -88
15 -3
46 -52
-25 103
-50 -56
44 26
-65 -23
6 -31
-13 -33
21 -37
135 37
1390 -2517
50 -19
-30 242
-834 249
-227 -388
168 -118
23 -154
-718 -1503
-1100 -1
50 -44
-111 -88
-1563 -793
271 120
99 165
39 -73
69 -410
271 13
-93 -69
17 -111
1399 21
-207 -284
23 -1
98 -64
715 1593
91 -13
13 -99
-36 -72
1737 1214
-44 -375
341 -237
42 48
80 630
1413 918
27 -59
73 189
-52 167
623 -2755
134 127
100 18
377 -166
-1515 -3046
131 -12
-146 -52
62 -262
1055 -671
101 250
24 87
-541 261
1631 1310
-13 10
196 -210
210 68
-672 1621
-80 63
110 36
-576 528
711 2556
80 30
237 -34
-92 784
-468 108
-122 -177
4 83
453 78
-162 302
15 -37
54 47
-40 0
-12 34
-6 -47
19 -2
-58 -25
20 21
-7 -54
32 52
-50 -1
16 20
-20 -15
34 -33
-29 -64
46 -44
3 52
-38 -58
41 12
14 21
-16 34
-42 43
-16 2
69 -9
-2 77
-11 -5
9 26
-53 -20
21 -5
-40 33
0 -33
1 429
65 63
24 37
-91 -57
69 70
55 14
5 6
-111 42
34 -22
51 36
-3 32
-74 -70
33 59
-13 11
60 25
-219 48
72 -61
-44 -54
-1 -47
99 97
2 -42
-51 9
-29 21
72 -51
19 -73
-46 9
38 -8
49 74
-30 -24
45 16
-81 -41
124 -79
-464 245
-116 4
124 -64
-57 -3
-44 117
-82 17
-152 -106
-204 -30
83 257
-124 35
-38 -26
-125 14
57 -94
-51 2
-122 -95
-85 -92
3 -162
121 -19
-50 40
61 4
-26 71
27 -35
106 125
150 -45
45 -117
71 -15
101 97
104 -36
-146 101
47 -16
99 31
68 -64
-1347 1103
226 284
-15 -108
-149 55
157 -18
-91 -21
111 101
48 37
336 -152
-21 194
59 49
-109 9
-69 -90
-66 -8
265 149
94 7
184 102
-94 -233
13 65
114 28
-64 272
-64 17
-291 -41
-306 -382
-6 350
1 13
-74 36
-223 -12
-4 157
78 -99
-335 -244
56 -371
-538 -694
43 68
29 3
22 41
-137 -30
0 -43
-70 32
79 -89
-46 126
-21 45
-41 90
-25 -21
-43 -109
68 -19
19 7
199 -3
-1 98
-36 -70
-24 -40
-18 -48
-24 67
-29 -21
-6 -59
23 -55
-35 93
-20 -42
3 -73
-11 -62
-28 29
-30 -34
-40 -62
43 25
-845 -118
-51 3
1 -52
4 52
-50 44
-57 23
-43 2
28 -85
55 65
-67 30
7 -8
-9 2
-58 -36
-10 35
-60 -18
110 -105
90 101
43 -2
-10 60
-34 -31
-34 63
-5 -79
-2 -3
-32 -85
2 126
8 -29
-30 40
-88 -43
-7 41
6 -78
43 -9
83 -22
454 -3194
-65 -40
107 106
646 -491
-630 -213
110 3
-13 -113
451 -259
-505 232
51 -47
-81 67
804 -279
-60 -270
202 -269
14 -37
317 -355
-274 420
-41 17
-101 -135
-837 287
139 5
57 -30
3 -104
295 473
44 -38
-105 -197
-75 -100
-364 -71
-67 -45
-309 472
110 -15
11 932
454 3192
-66 38
646 490
108 -109
451 258
-14 110
111 -6
-632 211
317 353
14 35
202 267
-61 268
804 277
-83 -70
51 45
-506 -235
12 -936
110 13
-311 -476
-69 43
-366 70
-76 99
-107 195
44 36
295 -477
3 102
58 28
140 -8
-839 -291
-103 133
-41 -21
-275 -423
-845 115
-51 -3
4 -52
1 51
28 84
-43 -3
-56 -24
-50 -45
110 103
-59 16
-9 -35
-57 34
-8 -3
6 6
-67 -30
55 -66
83 20
43 7
5 75
-7 -41
-88 42
-29 -40
8 27
3 -127
-31 82
-1 1
-4 77
-33 -64
-34 29
-10 -61
43 0
90 -102
-538 694
42 -70
23 -42
30 -4
79 89
-72 -33
1 42
-138 29
199 2
19 -8
68 18
-43 107
-25 20
-42 -92
-22 -46
-47 -128
43 -27
-41 61
-31 34
-29 -31
-11 62
4 72
-20 42
-35 -94
23 53
-6 58
-30 20
-25 -69
-19 47
-24 39
-36 70
-2 -100
-1346 -1104
225 -286
-148 -56
-14 106
47 -39
110 -101
-90 18
156 15
94 -9
265 -151
-65 5
-68 87
-108 -11
58 -51
-21 -195
335 149
56 369
-334 241
77 96
-3 -159
-222 10
-73 -38
1 -14
-5 -351
-306 379
-289 38
-63 -19
-64 -273
114 -29
13 -67
-93 230
184 -104
-464 -247
-117 -7
-59 3
124 63
-205 29
-153 105
-84 -20
-44 -120
-86 91
-123 93
-52 -4
57 92
-126 -16
-38 25
-125 -37
83 -260
69 62
99 -33
48 15
-147 -103
105 35
101 -101
71 13
45 116
151 44
106 -128
27 33
-27 -74
60 -7
-51 -42
121 17
3 161
0 -430
65 -64
-91 56
24 -37
-111 -43
4 -7
54 -16
69 -71
-219 -48
59 -26
-12 -12
32 -59
-74 68
-2 -33
50 -36
34 19
123 77
-81 40
45 -16
-29 22
49 -75
37 5
-45 -10
18 72
72 50
-28 -22
-51 -10
2 40
98 -99
-1 45
-43 52
72 60
-162 -304
14 36
-41 -1
54 -49
-59 24
19 1
-7 46
-13 -37
-29 63
34 33
-21 14
15 -22
-51 0
32 -54
-8 53
21 -23
-1 31
-40 -35
22 3
-53 20
9 -28
-12 4
-3 -78
69 8
-16 -3
-43 -44
-16 -36
14 -22
41 -14
-39 56
4 -54
46 43
1413 -920
26 55
-51 -169
73 -192
377 163
101 -21
134 -129
624 2751
-539 -263
24 -89
101 -253
1055 667
62 259
-145 48
131 9
-1512 3042
454 -81
5 -86
-120 173
-466 -110
-90 -786
236 31
80 -32
711 -2557
-574 -530
110 -38
-79 -66
-670 -1623
210 -72
196 205
-11 -12
1631 -1313
